1717837437       3909       3908     379942     284462
1717837447        304        306      25874      23462
1717837457      45729      47975    3723489    6760843
1717837467      25980      25968    2595656    2258488
1717837477       3124      31179     199859   29949350
1717837488       4446      39927     295864   37938527
1717837498      15831     102748    1265305   93381308
1717837508      24664     382416     946402  380762865
1717837518       2311       2951     256787     891430
1717837529       1056        980     166385      70014
1717837539       1259       1202     162518      83288
1717837549       5235       3660    2894137    1175092
1717837560       2920       1420    1715157      95749
1717837570        990        968     131159      69065
1717837580       1920       1853     211346     133330
1717837591       1309       1007     406004      70522
1717837601       1240       1192     156788      85283
1717837611       1746       1701     196111     121268
1717837622       1022        979     130188      69622
1717837632       1561       1517     177621     110035
1717837642       3728       3672     377800     264652
1717837653      11718       9930    2802232     814406
1717837663       4833       1861    3317401     127948
1717837673       3422       2532    1164955     185349
1717837683      29972      22909    9510761    1943229
1717837694       9048       2809    6800454     195615
1717837704       1086       1036     145102      75053
1717837715       5070       1339    4021711      85669
1717837725       4683       1223    3783698      78695
1717837736       1153       1104     147036      77656
1717837746       1175       1126     147976      78895
1717837756       1136       1085     151360      76840
1717837766       1267       1211     164280      85057
1717837777       1142       1090     151255      78256
1717837787       1188       1137     152481      80373
1717837798       1193       1131     164563      79955
1717837808       1200       1148     154461      80902
1717837818       1143       1095     148205      79052
1717837829       1114       1066     144498      77075
1717837839       1162       1112     150680      76285
1717837849       1075       1026     140924      71338
1717837860       1460       1410     172219     102171
1717837870      38942       3321   38175867     144766
1717837880       2264       1864     589361     132711
1717837890      78561       6612   77089922     291452
1717837901      39283       3670   38202215     169834
1717837911       3811       3769     373249     281332
1717837921       5791       2065    4154179     137158
1717837932       1100       1052     142524      72878
1717837942       2273       1078    1369655      73226
1717837952       1024        985     126046      67484
1717837963        960        918     124853      65540
1717837973        950        911     128986      65377
1717837983       5251       1252    4359127      76776
1717837993       3562       1224    2597756      81762
1717838004        997        958     125526      66910
1717838014        951        912     123276      64910
1717838024       1004        962     126687      67039
1717838035        979        937     129788      66097
1717838045        960        920     122778      64246
1717838055       1023        983     125949      67504
1717838066        941        897     124809      64450
1717838076       1016        977     129573      67938
1717838086       1931       1562     535867     115440
1717838096       2537       1557    1184054     113414
1717838107       2607       2180     654523     160271
1717838117       4587       3012    1944087     224443
1717838127       8876       3026    6487946     208440
1717838138       2086       1368     886470      96272
1717838148        927        888     116312      61311
1717838158        968        929     118820      63869
1717838168       1327       1284     152991      91886
1717838179       1127       1088     130987      75987
1717838189        885        846     115655      60738
1717838199        964        924     119806      64048
1717838210       3252       2726     806867     213137
1717838220       7604       7230    1078665     608763
1717838230      16803      15922    2432629    1344983
1717838240       1297       1264     151838      95453
1717838251       9853       8407    2318101     695464
1717838261       1127       1086     136611      78027
1717838271       1060       1021     128425      72366
1717838282       1287       1152     244094      81429
1717838292        893        854     116396      61266
1717838302        972        932     121572      64328
1717838312        883        843     117423      60812
1717838323       1029        986     131462      67966
1717838333        911        872     117431      62247
1717838343        960        921     120411      64238
1717838354       8372       8334     818764     698594
1717838364      16226      15996    1752216    1351495
1717838374       1164       1032     231607      71626
1717838384        905        866     116893      61514
1717838395        906        867     117577      62429
1717838405       8300       8264     817900     695737
1717838415       1742       1248     639016      87916
1717838426       2312       1681    1073675     374834
1717838438        995        902     183507      63725
1717838449        968        927     124015      63336
1717838459        932        893     124114      63139
1717838469       2008       1161    1004998      80168
1717838479        924        885     123258      62952
1717838490        924        883     125859      62842
1717838500        935        898     124859      63547
1717838510        941        903     127228      63959
1717838521        940        902     127234      63758
1717838531        945        901     131130      63634
1717838541        919        884     123396      62918
1717838551        980        942     129045      64419
1717838562        915        873     126730      61903
1717838572        967        927     128167      64572
1717838582        917        875     125240      62141
1717838593        971        925     128978      64259
1717838603        904        864     123342      61860
1717838614        955        916     126265      64279
1717838624        893        854     116073      61128
1717838635        895        858     115891      61125
1717838655        983        941     126236      63750
1717838665        919        881     117080      62184
1717838675        867        831     114786      60044
1717838685        938        897     122301      62836
1717838696        905        866     119345      61928
1717838706        905        868     117819      61554
1717838716        869        829     114884      60029
1717838726        911        870     119650      61919
1717838737        923        883     121056      62632
1717838748        944        902     128795      63414
1717838758        986        946     126125      64544
1717838768        919        879     125003      62682
1717838779        891        852     115974      61037
1717838789        895        856     115892      61059
1717838799        865        825     115888      59769
1717838809        966        922     128249      64106
1717838820        929        887     126240      63887
1717838830        927        886     123912      63649
1717838840        933        896     125290      63807
1717838851        972        933     126991      64284
1717838861        912        873     123516      61652
1717838871        953        909     129218      63520
1717838881        941        899     127630      63360
1717838892        952        910     127894      64282
1717838902        950        905     129010      63651
1717838912        919        878     122806      62307
1717838922        969        926     129317      64728
1717838933        923        881     124396      62392
1717838943        948        906     127668      64009
1717838953       1013        969     131407      65503
1717838964        922        881     123358      62168
1717838974        977        934     130077      64932
1717838984        950        906     129259      63818
1717838994        958        916     126005      64080
1717839005        934        891     127588      63108
1717839015        947        905     126456      63802
1717839025        950        910     124521      64158
1717839036        936        898     125005      63420
1717839046        956        914     127221      64220
1717839056        987        946     126513      65072
1717839066        899        861     120248      61378
1717839077        964        926     126956      65285
1717839087        933        891     127939      63175
1717839097        954        912     126795      63682
1717839108        914        875     122715      62913
1717839118        960        920     126468      65267
1717839128        922        885     125354      63192
1717839138        905        868     123066      62167
1717839149        934        893     124467      63281
1717839159        979        940     126763      63824
1717839169        948        909     125471      63821
1717839180        897        855     122357      61381
1717839190        952        912     126850      64041
1717839200        914        875     124627      62557
1717839210        919        882     124060      62935
1717839221        947        907     127270      64142
1717839231        941        900     126425      63404
1717839241        940        898     128758      63321
1717839252        943        900     125231      63246
1717839262       1006        965     128162      66197
1717839272        927        890     124465      63162
1717839283        887        848     119509      61492
1717839293        943        904     125798      64065
1717839303        907        867     125432      62532
1717839314        943        904     128262      64065
1717839324        976        936     131150      67181
1717839334        984        942     133165      66332
1717839344        920        879     127702      62876
1717839355        978        935     130605      64567
1717839365        984        939     130318      63860
1717839375        923        879     126424      62468
1717839385        962        921     125773      65563
1717839396        910        869     123095      62037
1717839406        945        906     125675      64278
1717839416        937        897     126483      63651
1717839427        938        898     127934      63713
1717839437        913        874     126834      62681
1717839447        911        871     123581      62135
1717839457       1004        962     129776      65097
1717839468        940        896     126815      62932
1717839478        953        909     128255      63714
1717839488        933        888     128183      62942
1717839499        931        889     123958      62826
1717839509        923        881     125780      62918
1717839519        937        898     124517      63698
1717839529        914        874     124199      62632
1717839540        910        870     124045      62364
1717839550        926        885     124325      62843
1717839560        955        914     124866      62857
1717839571        960        918     128393      64170
1717839581        910        869     125446      62204
1717839591        919        879     122588      62656
1717839601        925        884     124913      62804
1717839612        921        882     125603      63224
1717839622        935        896     125996      63489
1717839632        927        887     128170      63014
1717839643        928        889     122411      62853
1717839653        928        888     126645      63142
1717839663        982        943     128121      64337
1717839673       1048       1008     136133      73332
1717839684        969        927     129871      64753
1717839694        918        877     126903      62297
1717839704        915        876     124732      62615
1717839715        950        910     125761      63890
1717839725        937        897     127651      63259
1717839735        966        923     128811      64199
1717839745        925        884     124788      62881
1717839756        957        916     128243      64136
1717839766        995        952     128033      64417
1717839776        906        864     124493      61811
1717839787        919        880     122096      62543
1717839797        941        903     125993      63893
1717839807        919        880     126732      63040
1717839817        937        897     127157      63387
1717839828        929        888     122747      62824
1717839838        954        911     127313      63817
1717839848        918        878     125371      62710
1717839859        958        920     125069      64260
1717839869        964        922     125212      63187
1717839879        943        903     125994      63660
1717839889        903        864     122818      62185
1717839900        927        889     123516      62990
1717839910        928        890     126453      63202
1717839920        942        902     127614      63619
1717839931        928        886     126407      62920
1717839941        944        900     127988      63463
1717839951        916        877     125093      62853
1717839961        965        924     127185      64436
1717839972        967        924     128811      64580
1717839982        937        893     126717      63097
1717839992        928        887     125500      63240
1717840003        919        879     123568      62794
1717840013        931        891     126094      63472
1717840023        937        896     127648      64050
1717840033        924        883     125543      62823
1717840044        921        882     126716      62931
1717840054        929        888     126655      63268
1717840064        954        913     127353      63009
1717840075        974        930     132018      64339
1717840085        902        862     119833      62002
1717840096        945        902     126773      63818
1717840106        954        913     126473      64263
1717840116        916        876     125440      62883
1717840126        928        887     126542      63072
1717840137        920        877     127302      62538
1717840147        983        940     130916      65253
1717840157        938        896     126495      63602
1717840168        953        912     126154      63039
1717840178        958        918     125082      64137
1717840188        955        914     127395      64138
1717840198        933        890     126597      63102
1717840209        919        878     125152      62813
1717840219        931        893     123780      63402
1717840229        910        871     125314      62524
1717840240        915        879     125454      62622
1717840250        959        916     129740      64537
1717840261        954        913     130107      64095
1717840271        978        940     124194      63719
1717840281        932        891     127032      63202
1717840292        948        906     129226      63861
1717840302        935        894     127394      63255
1717840312        896        857     122493      61621
1717840323        945        903     127825      63595
1717840333        931        889     127278      63132
1717840343        934        898     125231      63644
1717840354        912        872     125160      62381
1717840364        966        923     128510      64218
1717840374        971        930     127996      63804
1717840384        943        905     126265      63942
1717840395        939        898     127401      63713
1717840405        914        877     125437      62716
1717840415        946        906     128124      63861
1717840426        934        892     127411      62961
1717840436        968        926     128672      64745
1717840446        905        866     124065      62130
1717840456        923        883     125876      62894
1717840467        967        926     126558      63750
1717840477        942        904     122847      63009
1717840487        944        905     127450      63791
1717840498        917        875     127111      62387
1717840508        953        910     130709      63670
1717840518        941        899     127410      63637
1717840528        921        880     124654      62695
1717840539        931        893     124227      63100
1717840549        920        880     124510      62524
1717840559        937        895     128010      63481
1717840570        988        950     128488      64569
1717840580        898        860     115769      61031
1717840590        916        875     125670      62206
1717840600        910        869     123791      62089
1717840611        967        926     125604      64845
1717840621        899        861     122137      61864
1717840631        924        884     122809      62815
1717840642        948        911     127064      64461
1717840652        944        903     127633      63640
1717840662        876        837     115264      60375
1717840672        914        877     115684      60811
1717840683        939        900     128473      63270
1717840693        939        896     127855      63286
1717840703        939        900     124845      63499
1717840714        939        896     127863      63133
1717840724        968        924     128916      64685
1717840734        933        892     126414      63156
1717840745        907        866     124093      61835
1717840755        905        866     116667      61674
1717840766        869        830     114606      59876
1717840776        947        908     117641      62105
1717840786        947        903     128797      63494
1717840796        915        875     124282      62754
1717840807        966        925     126265      64574
1717840817        933        891     127351      63191
1717840827        925        886     122766      63030
1717840838        905        868     123810      62294
1717840848        905        867     123348      62219
1717840858        919        881     124606      62894
1717840869        921        884     126893      62711
1717840879        990        947     129248      64421
1717840889        928        884     125806      62615
1717840899        936        895     128204      63276
1717840910        930        890     125878      63088
1717840920        956        913     128027      63942
1717840930        941        898     126361      63238
1717840941        895        857     122404      61609
1717840951        947        907     125248      63874
1717840961        909        867     125334      62151
1717840971        974        936     126978      64404
1717840982        941        903     125454      63387
1717840992        936        896     124511      63361
1717841002        913        875     125094      62569
1717841013        934        896     127465      63329
1717841023        955        912     127755      63979
1717841033        916        876     124556      62585
1717841044        929        891     125887      63389
1717841054        945        902     128496      63514
1717841064        919        880     122713      62823
1717841074        958        922     126690      63620
1717841085        940        900     126206      63496
1717841095        942        901     128323      63478
1717841105        924        887     126880      63049
1717841116        951        912     125227      64059
1717841126        907        867     123964      61983
1717841136        955        915     128493      64042
1717841146        946        903     130370      63602
1717841157        917        875     127926      62411
1717841167        916        880     122498      62674
1717841177        968        928     126149      63443
1717841188        950        908     126251      63479
1717841198        921        881     124422      62359
1717841208        959        918     128253      64339
1717841218        943        899     126369      63200
1717841229        894        855     122073      61479
1717841239        977        939     128701      65404
1717841249        920        878     125294      62501
1717841260        944        902     126259      63412
1717841270        916        872     124018      62173
1717841280        996        953     126744      64434
1717841290       5178       1183    4354998      74306
1717841301       4918       1444    4072623     344432
1717841311        894        854     122554      61668
1717841321        915        876     125454      62714
1717841332        968        925     128484      64449
1717841342        921        878     124388      63346
1717841352       1104       1060     150697      73999
1717841363        919        879     122117      62980
1717841373        989        948     129997      65619
1717841383        957        917     123418      63242
1717841393       5143       1185    4314936      74460
1717841404       1011       1642     126699     779692
1717841414       4913       1073    4181874      65508
1717841424        887        849     115834      60888
1717841435        879        843     115105      60430
1717841445        887        849     118383      61056
1717841455        919        878     122685      62395
1717841465        885        848     115682      60830
1717841476        921        883     117769      61860
1717841486        937        896     119947      61795
1717841496        929        890     123776      62782
1717841507        881        844     116000      60704
1717841517        919        879     118697      62122
1717841527        885        848     116194      60912
1717841537        917        878     122755      62151
1717841548        897        858     117284      61366
1717841558        950        909     129600      63809
1717841568        971        931     129683      65562
1717841579       9125       1283    8452257      67639
1717841589       1049       1011     128226      72445
1717841599        967       1188     121506     338913
1717841609        968        918     136587      64384
1717841620        893        856     120391      61528
1717841630        932        892     123878      63421
1717841640        953        916     125622      64194
1717841651        895        853     121453      61244
1717841661        967        927     128250      65441
1717841672        933        895     127722      63677
1717841682        985        945     125951      64308
1717841693        953        910     129727      63439
1717841703        931        890     128871      62689
1717841713        929        888     123142      62978
1717841723        963        921     127037      64396
1717841734        912        874     123233      62387
1717841744        965        923     127354      64595
1717841754        939        900     123495      63797
1717841765        980        943     128210      67006
1717841776       1431       1394     161424     100575
1717841787       1045       1005     132116      67563
1717841797        930        891     125241      63060
1717841808        941        903     126040      63749
1717841818        940        898     127726      63476
1717841828        945        906     124684      63622
1717841838        929        888     126881      62855
1717841849        901        862     119736      61724
1717841859        974        935     127155      66774
1717841870        905        866     121430      62018
1717841880        929        889     122831      62766
1717841890        983        943     125394      64261
1717841900        913        874     122866      62542
1717841911        909        869     122820      62059
1717841921       5179       1185    4355286      75161
1717841931       4885       1444    4050578     357388
1717841942        873        834     115091      60218
1717841952        932        890     124557      62888
1717841962        929        888     122637      62772
1717841973        911        867     123388      61802
1717841983        986        943     125119      63913
1717841993        918        877     121830      62130
1717842003        949        909     124025      63991
1717842014        928        888     124096      63157
1717842024        893        853     121721      61223
1717842034        950        912     126470      64059
1717842045        929        889     123791      62861
1717842055        967        927     128809      65541
1717842065        909        871     122058      61878
1717842075        932        891     124719      62813
1717842086        970        928     123853      63192
1717842096        940        901     121953      63141
1717842106        915        876     120794      62257
1717842117        917        875     121677      62301
1717842127        943        903     122814      63334
1717842137        909        872     121668      62341
1717842147        933        894     121403      63292
1717842158        904        867     120239      62047
1717842168        919        880     120188      62461
1717842178        928        888     121442      63771
1717842189        977        939     122163      63579
1717842199        929        889     123451      63829
1717842209        921        881     121473      62631
1717842220        897        859     120887      61683
1717842230        951        912     123262      64373
1717842240        901        863     121165      61891
1717842251        933        893     123439      63151
1717842261        913        873     122531      62427
1717842271        909        873     121023      62243
1717842281        910        871     122498      62290
1717842292        982        944     124913      64086
1717842302        886        850     121312      61045
1717842312        955        911     126852      63778
1717842323        931        891     123002      63980
1717842333        903        865     121826      61852
1717842343        934        896     123356      63483
1717842354        901        861     121619      61531
1717842364        939        901     122946      63538
1717842374        920        881     123896      63176
1717842384        930        890     122613      62496
1717842395        975        934     124067      63420
1717842405        893        852     121967      61022
1717842415        934        894     121444      62989
1717842426        899        860     120460      61629
1717842436        905        867     120073      61879
1717842446        921        882     121414      62709
1717842456        909        871     120077      62013
1717842467        914        876     121025      62362
1717842477        911        870     121358      62191
1717842487        940        902     120909      62410
1717842498        928        889     121243      63236
1717842508        929        890     121385      62938
1717842518        905        867     120825      61991
1717842528        929        888     122107      62764
1717842539        901        859     120429      61643
1717842549        947        907     122006      63724
1717842559        883        844     118624      61065
1717842570        907        868     120060      62045
1717842580        921        881     121333      62701
1717842590        934        894     120853      61858
1717842601        932        893     121357      62985
1717842611        903        864     120572      61815
1717842621        919        881     122172      62784
1717842631        905        867     121425      61831
1717842642        901        863     121161      61965
1717842652        919        881     122152      62576
1717842662        898        861     121813      61775
1717842673        928        889     123317      62797
1717842683        899        858     122270      61337
1717842693        980        940     123936      63515
1717842704        906        864     122358      61577
1717842714        936        896     123247      62972
1717842724        908        870     120771      62080
1717842734        909        869     120877      61839
1717842745        913        876     120980      62519
1717842755        916        878     121147      62236
1717842765        922        882     122098      62543
1717842776        921        880     122129      62244
1717842786        915        876     121592      62239
1717842796        959        919     122314      62578
1717842807        930        890     123204      62841
1717842817        919        879     122712      62126
1717842827        918        876     122892      62221
1717842837        949        911     122090      65762
1717842848        913        874     121209      62214
1717842858        928        889     121217      62797
1717842868        901        861     120571      61683
1717842879        925        888     120187      62930
1717842889        900        861     119191      61505
1717842899        956        916     120890      62727
1717842909        903        866     120432      61873
1717842920        917        878     120425      62392
1717842930        923        884     120582      62933
1717842940        909        870     120061      62136
1717842951        883        844     119508      61113
1717842961        927        887     121632      62748
1717842971        914        875     120816      62428
1717842982        913        872     120743      62036
1717842992        924        883     120996      61708
1717843002        962        920     123376      63641
1717843012        921        880     121961      63406
1717843023        881        842     118405      60974
1717843033        919        880     120462      62543
1717843043        905        868     120544      62263
1717843054        907        867     120692      61904
1717843064        889        849     119515      61265
1717843074        938        899     122227      63417
1717843084        881        841     120019      60881
1717843095        946        905     121959      62263
1717843105        930        889     122644      62612
1717843115        903        864     120216      61815
1717843126        912        873     121357      62337
1717843136        909        869     121337      61995
1717843146        915        874     122142      62239
1717843157        905        866     120073      61906
1717843167        907        868     120766      62023
1717843177        900        861     120699      61631
1717843187        903        862     121310      61693
1717843198       1330       1476     221519     356324
1717843208        916        875     121280      61927
1717843218        967        939     126058      65707
1717843229       1449       1521     305868     355392
1717843239        933        895     122726      62997
1717843249        908        868     121465      62105
1717843259        894        855     119849      61310
1717843270        913        876     121580      62378
1717843280        927        884     121889      62369
1717843290        935        894     123019      62933
1717843301        951        910     121333      62025
1717843311        913        875     119346      62463
1717843321        915        878     119690      62475
1717843331        887        853     118886      61352
1717843342        923       1026     120811      67434
1717843352        915        878     120304      62635
1717843362       1757       1262     640910      90542
1717843373        904        867     120482      61991
1717843383        940        902     123017      63845
1717843393       1283       1011     379440      72265
1717843404        976        939     124360      63994
1717843414        869        832     119643      60494
1717843424        932        891     124387      62735
1717843434        913        874     122495      62262
1717843445        923        885     122292      62698
1717843455        928        889     123832      63466
1717843465       1225       1095     237441      78288
1717843476        928        890     122819      62834
1717843486       1135       1095     141360      78628
1717843496       1338       1131     321602      81127
1717843506        970        931     122418      63429
1717843517       1162       1382     143306     354401
1717843527       1023        910     202613      63673
1717843537        894        854     124460      61283
1717843548       1697       1566     282935     120169
1717843558       5676       5689     744782     666866
1717843568       5683       1488    4592742      95105
1717843578       3627       1509    2386544     103817
1717843589        934        889     127148      63631
1717843599       1038        993     131859      67240
1717843609        944        900     125189      63965
1717843620        985        939     130701      65858
1717843630       2635       1560    1281790     110689
1717843640       2878       1101    1985840      73132
1717843651        945        904     126019      64959
1717843661       1481       1439     175866     106932
1717843671       2065        995    1225977      67749
1717843681       3538       2614    1525288     498792
1717843692       2961       1400    1786407      97067
1717843702       4313       1957    2677791     136286
1717843712       2637       1518    1324833     106459
1717843723       1435       1150     407760      82410
1717843733       2627       1505    1327101     104791
1717843743       2152       1027    1287460      69505
1717843754        944        902     127027      64401
1717843764        984        944     126947      66343
1717843774        936        896     125780      64128
1717843784        969        927     128341      65355
1717843795       1163       1122     145073      81008
1717843805       1125        991     227416      66584
1717843815        936        894     128053      64063
1717843826       1914       1905     447194     404201
1717843836        986        949     129236      67247
1717843846        946        906     128368      64149
1717843856       1409       1560     240540     370134
1717843867       1103        992     211169      69506
1717843877        947        905     128800      64224
1717843887       1496       1397     234315     105458
1717843898       9005       5619    4103164     405556
1717843908       1191       1150     143685      79409
1717843920       5981       1690    4766115     108508
1717843931        996        970     131383      67964
1717843941       2419       1171    1451227      80835
1717843952       5079       1671    3811852     109281
1717843962       1003        959     133805      68083
1717843973       4686       1948    3090781     135480
1717843983       5657       1827    4235960     121970
1717843993       3144       1659    1729947     118126
1717844004       3329       1355    2216507      89699
1717844014       1499       1214     413884      86444
1717844024       1655       1608     195398     119290
1717844035       2431       1084    1537060      72963
1717844045       3657       3000    1850015     520398
1717844055        978        935     131801      66726
1717844065       1007        960     136692      68177
1717844076       4367       2179    2551153     152990
1717844086       2638       1483    1363722     105438
1717844096       3067       1689    1619270     119917
1717844107        997        959     130247      66903
1717844117       1020        979     133841      69497
1717844127       3308       1989    1586045     142442
1717844138       1110       1071     142595      76786
1717844148        980        937     132146      66811
1717844158       2338       1217    1303362      84052
1717844168        962        920     131571      65861
1717844179       1033        991     133273      69108
1717844189       2795       1739    1400485     247086
1717844199       7248       5423    2426542     395340
1717844210       4834       1778    3404800     117217
1717844220       3269       1212    2299402      79872
1717844230        982        938     129689      67606
1717844241        992        951     137259      68799
1717844251       1071       1027     141111      71609
1717844261       1029        980     140339      69750
1717844271       3711       1653    2338547     112825
1717844282       2081       1360     883966      95729
1717844292       2756       1599    1377046     114658
1717844302       5277       2006    3733731     207987
1717844313       3876       4134    1507512    1727509
1717844323       5143       1474    4036173      96500
1717844333       2887       1607    1510036     114608
1717844344       5741       3588    3660959    1317326
1717844354       1505       1186     447148      82808
1717844364       2549       1238    1506918      84638
1717844374       2537       1202    1528157      82651
1717844385       2903       1495    1632176     105094
1717844395       3600       2139    1816546     222632
1717844405       2631       1258    1567265      85626
1717844416       1444       1714     166362     427590
1717844426       2966       2561    1713142    1247706
1717844436       2389       2964     847065    1423061
1717844447       1383       1341     164823      96692
1717844457        999        956     129933      68527
1717844467        975        934     130497      67127
1717844477       1055       1007     140183      70228
1717844488        963        920     127617      66455
1717844498        967        924     128489      66451
1717844509       1052       1008     135173      69145
1717844519       1018        973     133713      68550
1717844529        977        936     128364      67158
1717844539        983        943     129718      67383
1717844550       2550       1458    1292890     101520
1717844560       2383       1227    1340693      84154
1717844570       3572       1295    2543048      86630
1717844581       3722       1435    2560833      96934
1717844591       7044       4825    5123218    2703000
1717844601       1494       1216     406687      87218
1717844611       3804       1475    2612611      98132
1717844622       3118       1665    1692805     117012
1717844632       2526       2658    1314449    1422069
1717844642       1511       1233     409925      88279
1717844653       1035        989     139348      70313
1717844663       1542       1260     415988      91006
1717844673       1030        988     138060      70308
1717844684       1010        966     135655      69224
1717844694       1004        961     130778      68640
1717844704        988        948     129706      67851
1717844714       1080       1035     141352      71288
1717844725        990        947     129805      67843
1717844735        988        947     130478      68310
1717844745       1020        977     132166      69264
1717844756       2323       1225    1278097      85320
1717844766       1020        977     131291      69234
1717844776       2334       1235    1283760      85887
1717844787        992        947     130185      68054
1717844797       5498       2524    3392056     179513
1717844807       1677       1713     434055     443057
1717844817       4591       2108    2826447     144672
1717844828       5967       4946    2593636    1439251
1717844838       1372       1330     162794      95637
1717844848       1446       2819     165839    1599544
1717844859       5883       4021    2461041     419852
1717844869       1144       1102     141846      79723
1717844879       1353       1311     161686      96697
1717844890       5388       4736    1117937     350975
1717844900       1010        968     129206      69165
1717844910        960        918     124681      65337
1717844920       1141       1005     230862      68483
1717844931        975        932     130882      66594
1717844941        966        924     125321      65904
1717844951        942        900     124175      64790
1717844962       5106       4767    2999070    2583459
1717844972       2369       1858     711825     133221
1717844982       1145       1104     140493      78767
1717844993        927        886     122392      63912
1717845003       2576       1421    1357785      98204
1717845013       1254       2539     143635    1489289
1717845023       2534       2675    1348670    1464445
1717845034       1001        958     134229      67289
1717845044        937        896     122607      64207
1717845054        937        897     122887      64400
1717845065       1000        953     137023      66841
1717845075        967        926     128531      66014
1717845085        976        933     132706      66557
1717845095        991        950     133336      67392
1717845106        982        940     134020      66642
1717845116       1034        989     135257      67830
1717845126        989        947     130608      66513
1717845137        964        927     131070      66547
1717845147       2600       1507    1302366     105113
1717845157       2589       2705    1292672    1377148
1717845167       1009        967     136165      67966
1717845178       6392       6164     811314     460424
1717845188       1505       1461     182861     105051
1717845198       2451       3081     257631     887429
1717845209       4399       2896    1861977     206182
1717845219       3473       3175     607840     229037
1717845229       2101       7737     205275    6145288
1717845240       5262       6074    2223716    3005700
1717845250       4698       4649    1843172    1724191
1717845260       2599       2355     766670     468973
1717845270       5869       6537    1670729    2300991
1717845281       3820       2736    1600292     390366
1717845291       2799       3406     368890     960690
1717845301       4974       3742    1746933     368396
1717845312       4633       4759     448507     503789
1717845322       3057       5284     298645    2602964
1717845332       3116       2257    1215713     255578
1717845342       4324       3119    1780268     437503
1717845353       4074       2739    1758220     282032
1717845363       2363       2443     244588     291885
1717845373       7175       7352    1720245    1792444
1717845384       7757      10509    2581521    5406825
1717845394       7894       8878    2219558    3131366
1717845404       5446       4632    2826860    1915725
1717845415       6245       5424    1361183     402231
1717845425       2341       2797     242025     683401
1717845435       2497       1006    1677996      66535
1717845446        895        858     116004      61256
1717845456        899        862     116861      61523
1717845466       1121       1082     141151      78473
1717845476       1403       1365     162199      98304
1717845487        883        846     115310      60579
1717845497       1001        872     214937      61924
1717845507       1852       1170     832581      82416
1717845518       1521       1727     170427     360325
1717845528        929        891     117533      62883
1717845538        983        849     217735      60749
1717845549        969        928     129357      64466
1717845559       1597       1559     181223     113588
1717845569        921        883     118027      62331
1717845579       1125       1344     137550     348449
1717845590       1062        930     224043      64521
1717845600        879        840     115392      60491
1717845610        983        844     221379      60374
1717845621       1452       1419     162558     105057
1717845631       5887       5845     569762     426333
1717845641       2152       2112     232023     153733
1717845652       2371       2236     342803     162563
1717845662       2712       2562     392284     186294
1717845672       3554       3527     355633     268164
1717845682       6701       8134    1141643    2540151
1717845693       3560       3691     355172     432582
1717845703       2687       2815     280017     370967
1717845713       3113       2532     934850     273119
1717845724       3513       3473     351921     252852
1717845734       3174       3176     320283     269330
1717845744       3514       5391     527882    2462495
1717845754       3353       2977     673765     223252
1717845765       8941       9944    1862556    2803445
1717845775       9924       3758    6926010     286124
1717845785       3473       3453     350629     275464
1717845796       6928       4942    3811598    1619676
1717845806       2803       2870     289647     314010
1717845816       2830       2804     293324     220570
1717845827       8659       8113    2382286    1684826
1717845837       5829       6910     558745    1613964
1717845847       7307       5240    3231107     944939
1717845857       2413       2372     254990     174654
1717845868       6539       3706    3604659     518439
1717845878       3034       1936    1335255     138236
1717845888       6021       4901    1625477     354748
1717845899       2703       2668     282069     201362
1717845909       9089       9001    2964953    2723492
1717845919        966        927     122909      65662
1717845930       1458       1419     165233     100678
1717845940       1751       1967     194663     390720
1717845950       1476       1434     175452     102708
1717845961       1232       1119     221784      80761
1717845971       1001        882     205011      62905
1717845981       1049        912     228369      64273
1717845991       1420       1377     169422      98887
1717846002       4098       2539    1890017     182370
1717846012       1190       1422     142224     367178
1717846022       3604       2686    2052450    1037474
1717846033        949        909     120185      63598
1717846043        888        852     118174      61782
1717846053       1729       1677     207399     119754
1717846063       4468       1552    3244421     105248
1717846074       1074       1036     132158      73706
1717846084       2775       1437    1554939     102742
1717846094       1000        960     126097      68095
1717846105       3827       2146    1986880     153901
1717846115       1240       1201     147315      86907
1717846125       1179       1398     139029     352196
1717846136        929        887     121024      62531
1717846146       1004        936     156967      66367
1717846156       4402       1556    3167903     104185
1717846166       1053       1014     130855      72724
1717846177       1375       3358     150743    2234474
1717846187        877        837     118019      60647
1717846197        956        914     126202      64153
1717846207       1182       1145     145478      86785
1717846218       1547       2560     170950    1221125
1717846228        926        886     118662      61210
1717846238        942        903     122357      63206
1717846249        914        872     122582      61984
1717846259        877        837     115002      60233
1717846269        917        878     120774      62064
1717846279       1391       3514     153532    2381587
1717846290        897        858     116380      61401
1717846300        885        849     115560      60612
1717846311       1296       1259     157997      95366
1717846321       3141       2828    1670758    1299487
1717846331        906        868     113810      59849
1717846341       2839       1160    1893977      77631
1717846352        864        828     113508      59588
1717846362       4428       1334    3413780      88244
1717846372        896        860     115680      61210
1717846383       2927       1346    1808246      95002
1717846393        916        878     116389      61894
1717846403        860        824     113898      59572
1717846414       2865       1166    1912349      78422
1717846424        893        855     115266      60782
1717846434       2788       1190    1804902      77648
1717846444       1135       1097     139924      80699
1717846455       4631       1347    3613239      88677
1717846465        915        877     117165      62162
1717846475       2909       1371    1764021      96345
1717846486        897        859     116274      61343
1717846496        875        836     114905      60149
1717846506       1231        891     439068      62556
1717846516        923        881     123022      62318
1717846527       1123       1084     136767      78071
1717846537        941        914     116656      70277
1717846548        860        822     114172      59422
1717846558       1280        935     446387      64192
1717846568       3957       2473    2487294     872381
1717846578       3217       6684     306577    3924959
1717846589       1581       1543     168870     114862
1717846599       2139       2080     231655     151329
1717846609       1542       2051     172990     689190
1717846620      15885       5434   14007995    2813046
1717846630       1080       1035     134910      71457
1717846641        974        933     127341      66635
1717846651       1204       1160     147039      83709
1717846661       2768       4088     287095    1610670
1717846672       1001        935     126269      66454
1717846682       1064       1022     135237      73324
1717846692       2146       1554     765148     110551
1717846703       2372       2571     248150     424205
1717846713       2194       1654     718000     117587
1717846723        960        919     123909      66516
1717846734       3168       1257    2137262      82436
1717846744       1435       4640     152438    3531278
1717846755       2270       2268     241237     202449
1717846765       3191       1794    1646839     125714
1717846776        945        903     122088      64392
1717846786       1074       1035     132324      74450
1717846796       1431       1388     168311     101542
1717846807       1085       1043     136696      73491
1717846817       1136        857     372687      61291
1717846829       1004        964     125503      67691
1717846840        949        910     124155      62855
1717846850        907        869     117667      61970
1717846860       1152        876     371792      62143
1717846871        915        877     118064      62334
1717846881        921        882     123170      63018
1717846892        909        872     118259      62426
1717846902        885        847     116859      61129
1717846912        919        880     119186      62431
1717846923        932        893     123476      63372
1717846933        954        915     119263      63181
1717846943        898        863     116994      61593
1717846954        938        899     121044      63283
1717846964        911        870     122974      62523
1717846974        919        882     118262      62549
1717846985        873        836     116265      60616
1717846995        923        885     120280      62646
1717847005        927        888     122053      63323
1717847016       1448       1411     168982     104577
1717847026       2790       1048    1943355      68969
1717847036       3464       2518    1961621     916521
1717847047       1351       1315     157818      96059
1717847057       5289       3691    3130559    1382408
1717847067       3080       6448     298740    3813009
1717847077       1737       1700     178638     125027
1717847088       1951       1891     219555     137309
1717847098       1589       2132     176525     728136
1717847108      15340       2745   13615080     164182
1717847119       1023        979     133033      69963
1717847129       1073       1032     134930      74207
1717847139       1173       1134     138831      79428
1717847149       6032       6220    2775179    2875519
1717847160       2824       2783     292865     203290
1717847170       3057       2237    1056903     164187
1717847180       2425       2383     245251     172460
1717847191       3534       4332     351744    1142084
1717847201      16685       3092   14722116     184710
1717847211       1106       1060     141746      76073
1717847222       1572       1048     652107      72605
1717847232       2296       2509     242251     432245
1717847242       3889       5011     380466    1506458
1717847252       1099       1052     144611      74759
1717847263       3115       1646    1711031     115478
1717847273       2829       1848    1207207     130379
1717847283       2803       3019     288402     471209
1717847294       2234       1814     613310     129636
1717847304       3258       3211    1884057    1795968
1717847314       1537       1007     656888      70369
1717847324       1920       1879     209903     136340
1717847335       2172       2133     231436     153727
1717847345        950        911     123596      64437
1717847355       1156       1108     148195      77998
1717847366       1767       1471     444018     105318
1717847376       1040       1003     130069      71554
1717847386        898        859     118681      62007
1717847396       1009        964     130667      68195
1717847407       1219        927     391135      64825
1717847417        900        861     118447      61938
1717847427        918        878     120274      62940
1717847438        994        953     128554      64843
1717847448        943        904     120358      63697
1717847458        912        872     119095      62451
1717847468        920        882     122029      63045
1717847479       1072       1031     137207      75034
1717847489        922        882     119816      63066
1717847499        918        879     120788      62705
1717847509        906        867     119924      62319
1717847520        964        921     127097      64786
1717847530        908        870     119177      62495
1717847540       1116       1079     134075      74867
1717847551       5579       2186    3814602     151608
1717847561       1904       1258     797557      89737
1717847571        910        872     119220      62586
1717847581       2550       3600     719254    1790336
1717847592       6312       4867    3436928    1845789
1717847602       1236       2559     142842    1522353
1717847612       1858       1206     802607      84482
1717847623       5708      11361    1877315    7825096
1717847633       3478       3442     344929     252454
1717847643       1015        979     124267      67898
1717847653        923        884     118071      62389
1717847664       1031        896     226950      63354
1717847674        909        873     116642      61795
1717847684        881        842     115482      60582
1717847695        907        869     116543      61638
1717847705        916        874     122953      62239
1717847715        881        842     115202      60422
1717847725        911        872     117020      61947
1717847736        879        842     116496      60202
1717847746        951        913     121070      62587
1717847756        899        860     116093      61241
1717847767        871        834     114987      60193
1717847777        921        882     118634      62216
1717847787        906        865     121183      61678
1717847797        909        872     116643      61762
1717847808        861        824     114492      59738
1717847818        905        865     117765      61429
1717847828        919        879     122361      62480
1717847838        895        860     115464      60959
1717847849        931        892     116658      61636
1717847859        891        853     117052      60858
1717847869        907        869     120235      62026
1717847880        899        860     116094      61241
1717847890        891        854     116031      61103
1717847900        923        884     122651      62509
1717847910        885        848     115680      60830
1717847921        907        868     116490      61605
1717847931        877        838     116196      60348
1717847941        946        910     121506      62751
1717847952        910        870     116084      61240
1717847962        905        867     116930      61547
1717847972        902        864     118354      61532
1717847982        919        877     121752      62038
1717847993        869        830     114888      60062
1717848003        897        862     115995      61282
1717848013        899        858     118155      61309
1717848023        921        881     121795      62329
1717848034        897        861     116329      61409
1717848044        950        911     118614      63240
1717848054        904        865     117890      61212
1717848065       1325       1294     154504      97479
1717848075       6524      11064     604795    5317086
1717848085        923        882     120720      63238
1717848096       2511       2252     477360     160128
1717848106        921        882     120675      63213
1717848116       2301       2879     242071     813259
1717848126       1000        952     137356      68034
1717848137       2800       3378     290773     846687
1717848147       1397       2790     158309    1612626
1717848157       2146       7893     204543    6254700
1717848168       1908       1872     337784     264740
1717848178       2007       2130     362870     452367
1717848188       1768       1641     467502     305050
1717848198       1961       1903     401056     300933
1717848209       1999       1936     462681     356342
1717848219       2317       1951     630024     195402
1717848229       1949       1866     303171     174599
1717848240       2056       3465     284817    1735640
1717848250       2184       2041     465313     271092
1717848260       2808       3761     704747    1669040
1717848270       2690       3757     638117    1717030
1717848281       2146       2193     309330     316496
1717848291       1918       1906     299383     247501
1717848301       1958       1874     365344     232613
1717848312       1899       1867     289113     218357
1717848322       4409       6672    1137902    3462612
1717848332       3919       4960     707821    1741061
1717848342       2830       2485     593500     181122
1717848353       6938      10891    1927990    5985157
1717848363       2280       1028    1414217      68727
1717848373       1179       1141     143275      83413
1717848383       1948       2397     385234     828157
1717848394       1117       1078     136141      77318
1717848404        873        834     114811      60058
1717848414        915        876     117170      62129
1717848425        915        872     122543      61987
1717848435        903        864     116634      61635
1717848445        885        848     115028      60438
1717848456        921        881     116572      61230
1717848466        933        893     122160      63039
1717848476        863        824     114596      59763
1717848487       1770       1627     301148     117240
1717848497        905        865     123099      62037
1717848507        939        899     124105      63424
1717848517        909        869     123342      62219
1717848528        937        898     124120      63474
1717848538       1001        968     132610      76423
1717848548        943        901     123546      62002
1717848559        953        910     124888      63289
1717848569        935        892     123404      62953
1717848579        952        910     125439      64257
1717848589       1777       1622     310321     116409
1717848600        925        883     122547      62799
1717848610        907        867     121036      61968
1717848620        942        904     122560      63799
1717848631        901        863     120249      61705
1717848641       1006        974     131110      77213
1717848651        975        933     124982      63597
1717848661        930        892     122285      62883
1717848672        927        888     122899      62911
1717848682       1744       1600     299822     115460
1717848692        947        908     123917      63873
1717848703       1299       1816     266794     791941
1717848713        895        856     120427      61503
1717848723        935        898     121771      63337
1717848733        915        876     121372      62413
1717848744        911        875     120491      62435
1717848754        949        911     121180      62409
1717848764        937        897     122493      63221
1717848775        901        863     121304      61701
1717848785        909        871     121067      62013
1717848795        913        875     121081      62463
1717848805        917        879     121465      62485
1717848816        917        879     122055      62537
1717848826        917        878     122237      62344
1717848836        916        877     121799      62363
1717848847        918        879     121940      62166
1717848857        955        915     122874      62528
1717848867       1433       4118     155978    2984568
1717848877        912        872     124724      61780
1717848888       1121       1085     131486      78299
1717848898       3015        953    2278807      62040
1717848908       1251       1224     145901      93330
1717848918       1468       4187     155539    3015337
1717848929        877        839     112967      59250
1717848939        862        825     120105      59256
1717848949        917        878     118458      60794
1717848960        907        870     112450      60116
1717848970       1321       1287     144312      92303
1717848980        977        940     120754      66696
1717848990        883        844     117018      59446
1717849001        835        799     109780      57617
1717849011        863        827     110886      58731
1717849021        855        819     112242      58475
1717849031        897        857     116723      60158
1717849042        837        804     110032      57938
1717849052        902        866     112029      59591
1717849062        894        855     116532      59735
1717849072        861        826     114115      59065
1717849083        879        840     115498      59830
1717849093        889        851     116289      60132
1717849103        859        822     111022      58676
1717849114        855        818     114620      58726
1717849124        890        851     116936      60539
1717849134        897        857     117062      60157
1717849144        873        833     116401      59952
1717849155        930        890     117895      61111
1717849165        968        929     123099      66582
1717849175        899        861     115653      60747
1717849185        853        816     112669      58635
1717849196        891        854     115458      61082
1717849206        871        834     114494      59454
1717849216        908        880     116615      69311
1717849226     298724      14105  303961267     237329
1717849237       1566       5876     154751    4702779
1717849247        857        821     112520      58872
1717849257       7671       1171    7006277      64833
1717849268        944        909     120977      63096
1717849278        859        823     116482      59157
1717849288        903        866     117700      60802
1717849298        985        988     128009     108353
1717849309        882        846     116696      59784
1717849319       1655       1405     395987     114004
1717849329       1237       1210     143675      92472
1717849339        700        682      92573      55917
1717849350        721        690      93723      48248
1717849360       1005        977     112674      67186
1717849370       2763        768    2190094      48738
1717849380        664        638      89477      45774
1717849390        716        686      91947      47658
1717849401        687        657      91250      46564
1717849411        718        690      92119      47924
1717849421        699        668      91748      47051
1717849431        721        691      92768      47682
1717849442        701        670      92433      46900
1717849452        678        657      87971      53082
1717849462        740        712      89766      47168
1717849472        674        649      86713      45930
1717849483        690        662      88093      46585
1717849493        666        640      86219      45507
1717849503        792        769      96043      55424
1717849513       2989        878    2321342      56423
1717849524       2846        735    2311930      46229
1717849534        682        653      87421      45640
1717849544        658        630      86067      44797
1717849554        683        654      87554      45702
1717849564        703        676      86555      45467
1717849575        674        646      87274      45525
1717849585        664        635      85940      44903
1717849595        674        646      87179      45525
1717849605        676        647      87498      45501
1717849616        675        647      86968      45475
1717849626        663        636      85739      44910
1717849636        658        632      86292      45046
1717849646        684        656      87657      45820
1717849657        672        643      87179      44930
1717849667        720        691      89000      46096
1717849677      21397       1604   21192064      62315
1717849687     278319      14793  282865182    1463923
1717849697        672        645      83962      45515
1717849708       7344        937    6890886      49016
1717849718        697        669      89466      46696
1717849728        706        676      91927      47259
1717849738        696        665      89412      46237
1717849749        753        723      95514      51238
1717849759        728        698      89988      46752
1717849769        675        649      83672      44552
1717849779     299529      14679  304237043     294607
1717849790       1170       2323     111715    1318311
1717849800        482        463      60303      33084
1717849810       7391        888    6990211      43024
1717849820        519        500      66035      35288
1717849830        550        531      67907      36867
1717849841        499        480      63901      34148
1717849851        529        519      64395      43716
1717849861        661        644      74973      43447
1717849871        505        489      61412      33979
1717849881       5630       5131    3380716    2819429
1717849892       3231      14856     256460   12524266
1717849902       1165       1152     107186      85366
1717849912       1428       1415     125125     103862
1717849922       1073       2178      99628    1257324
1717849933      19113       5855   17738566    3550134
1717849943        445        433      53724      30638
1717849953        445        431      53188      30109
1717849963        438        420      51971      27572
1717849973       2014       2256     192595     413875
1717849984       1162       7437      89449    6727998
1717849994        378        360      49585      25220
1717850004        508        499      53834      34945
1717850014       2570       2384     662727     428140
1717850024       1890       1510     538500     107387
1717850035        964        455     582359      30645
1717850045       1309        675     732941      44507
1717850055       1346       1335     130150      97652
1717850065       1504       1492     141252     106217
1717850075        362        353      41698      24198
1717850086        869        541     398039      37070
1717850096        523        511      58750      36185
1717850106        877        863      93385      61360
1717850116        384        371      45812      24949
1717850126        747        424     381661      28389
1717850137        338        327      38702      22746
1717850147        360        348      44833      23838
1717850158        352        341      44080      23584
1717850168        436        423      46549      25571
1717850178        353        341      43970      23584
1717850188        382        369      45534      24698
1717850198        359        346      45023      23716
1717850208        373        358      45788      24045
1717850219        391        378      45812      25229
1717850229        366        353      43638      24104
1717850239        379        369      45083      25099
1717850249        362        350      44246      23847
1717850259        350        337      44336      23402
1717850270        424        413      44653      25307
1717850280        344        333      43259      23411
1717850290        385        374      45314      25047
1717850300        351        337      44027      23319
1717850310        362        347      44720      23640
1717850321        376        363      45275      24585
1717850331        356        342      44589      23534
1717850341        383        371      44247      24789
1717850351        356        343      43653      23675
1717850361        354        343      41932      23706
1717850371        415        404      43797      24962
1717850382        357        346      42876      23747
1717850392        403        391      45771      25911
1717850402        344        331      42945      22969
1717850412        370        358      44094      24453
1717850422        362        351      43872      23962
1717850433        347        337      43809      23377
1717850443        386        374      45818      24913
1717850453        364        353      44589      24213
1717850463        365        355      44635      23961
1717850473        395        384      45489      24210
1717850484        394        381      46906      25136
1717850494        365        353      46134      23914
1717850504        358        345      44136      23632
1717850514        376        365      44889      24759
1717850524        365        355      44358      24036
1717850534        374        363      44620      24668
1717850545        355        347      42920      23886
1717850555        376        366      44641      24844
1717850565        369        358      44168      24055
1717850575        392        380      44535      23892
1717850585        396        384      46429      25260
1717850596        350        338      44014      23435
1717850606        380        369      44749      24781
1717850616        356        346      44076      23691
1717850626        401        389      45464      25500
1717850636        366        354      43532      24215
1717850647        362        350      43524      23847
1717850657        376        365      44081      24759
1717850667        364        352      43258      23709
1717850677        418        407      45337      25181
1717850687        362        352      42786      24155
1717850697        360        348      42721      23838
1717850708        387        379      44845      25263
1717850718        348        336      42883      23184
1717850728        364        353      42665      24321
1717850738        362        354      42742      24169
1717850748        340        330      42385      23262
1717850759        384        372      44585      24930
1717850769        377        368      44023      23930
1717850779        445        437      48456      28818
1717850789        356        342      44084      23725
1717850799        375        365      44891      24491
1717850810        350        340      43422      23635
1717850820        354        343      42906      23706
1717850830        370        362      45840      24805
1717850840        360        353      43180      26328
1717850850        356        346      44661      24510
1717850860        360        347      44865      23831
1717850871        408        399      45771      25067
1717850881        380        370      45170      24435
1717850891        341        328      44374      22971
1717850901        388        376      46741      24896
1717850911        362        351      45390      24062
1717850922        364        353      43660      23970
1717850932        356        344      43953      23756
1717850942        396        382      46009      25242
1717850952        352        339      43639      23541
1717850962        356        344      43241      23730
1717850973        413        401      45543      25257
1717850983        372        360      44218      23905
1717850993        362        350      44054      24137
1717851003        354        343      42942      23706
1717851013        358        347      43820      24048
1717851024        347        337      43713      23559
1717851034        355        346      44039      23614
1717851044        380        367      46021      24767
1717851054        348        337      43739      23325
1717851064        360        350      45069      24064
1717851075        405        393      45982      24408
1717851085        387        373      46331      24479
1717851095        358        347      43854      23672
1717851105        364        353      44031      24287
1717851115        356        345      42919      23779
1717851125        346        336      43028      23475
1717851136        383        373      45015      24955
1717851146        353        344      43329      23922
1717851156        371        361      44143      24309
1717851166        353        340      43890      23469
1717851176        395        382      44878      23955
1717851187        375        364      44419      24248
1717851197        362        350      44504      23821
1717851207        376        365      45023      24785
1717851217        353        342      43706      23283
1717851227        370        357      45368      24204
1717851238        354        342      43824      23457
1717851248        364        353      45053      24105
1717851258        349        339      42614      23350
1717851268        349        338      43342      23483
1717851278        417        407      44351      25099
1717851289        354        342      43277      23634
1717851299        372        360      44597      24432
1717851309        349        337      42986      23402
1717851319        380        367      44651      24607
1717851329        336        324      42333      22906
1717851339        356        344      43573      23704
1717851350        368        355      44673      24221
1717851360        659       3291      60906    2855590
1717851370        378        366      44788      24605
1717851380        508        497      54687      34341
1717851390        374        362      44680      24575
1717851401        344        333      42905      23351
1717851411        356        345      43597      23689
1717851421        360        351      43657      24205
1717851431        352        341      43561      23663
1717851442        372        364      45059      24798
1717851452        384        372      45503      24766
1717851463        375        362      44829      24444
1717851473        370        358      44595      23982
1717851483        398        386      45137      24070
1717851493        390        375      46530      24828
1717851503        354        343      43664      23650
1717851514        378        369      43224      24864
1717851524        336        324      41857      22954
1717851534        377        367      43914      24656
1717851544        380        369      44735      24881
1717851554        336        325      40989      22935
1717851565        370        360      43406      24675
1717851575        359        351      42697      23807
1717851585        385        374      43397      23858
1717851595        378        366      44658      24657
1717851605        340        333      42639      23361
1717851616        374        364      44596      24697
1717851626        341        330      43486      23179
1717851636        378        368      45448      24749
1717851646        338        328      43404      23219
1717851656        375        364      45225      24566
1717851666        343        333      44223      23195
1717851677        371        359      45142      23780
1717851687        411        396      46896      24713
1717851697        356        346      42988      23722
1717851707        360        350      43920      24064
1717851717        353        341      43713      23472
1717851728        374        363      45369      24560
1717851738        347        338      43548      23567
1717851748        356        343      44080      23515
1717851758        368        358      44662      24476
1717851768        360        349      44236      23811
1717851779        414        401      46588      25335
1717851789        351        342      42056      22992
1717851799        375        365      44836      24875
1717851809        347        337      43484      23325
1717851819        344        333      43874      23195
1717851830        390        379      45455      25236
1717851840        324        313      42990      22441
1717851850        375        366      44710      24680
1717851860        357        345      44249      23706
1717851870        382        371      45543      24656
1717851881        383        371      44233      23710
1717851891        372        361      43681      24012
1717851901        376        368      44947      24693
1717851911        351        338      43804      23166
1717851921        368        356      44554      24302
1717851931        358        348      43361      23861
1717851942        342        331      43229      23212
1717851952        378        366      45033      24549
1717851962        353        340      44425      23425
1717851973        382        369      45193      24746
1717851983        381        368      44634      23586
1717851993        388        376      44793      24659
1717852003        352        339      44378      23541
1717852013        356        345      39313      23405
1717852024        318        307      37767      21836
1717852034        338        326      40081      22557
1717852044        356        346      42341      23901
1717852054        337        326      38470      22550
1717852064        335        324      38640      22630
1717852075        346        333      41381      22780
1717852085        414        401      45579      24992
1717852095        361        348      43239      23593
1717852105        374        362      43609      24475
1717852115        348        335      42956      23311
1717852126        356        343      43528      23515
1717852136        364        351      43636      24039
1717852146        356        344      42616      23704
1717852156        363        352      42799      24285
1717852166        342        332      40722      22846
1717852177        336        325      42155      22580
1717852187        409        398      43389      24417
1717852197        345        335      41125      22950
1717852207        472        463      51952      33607
1717852217        445        437      45347      30879
1717852228       3063        469    2796404      24795
1717852238        294        288      34345      20270
1717852248        362        352      42993      23248
1717852258        334        324      42072      22164
1717852269        333        325      40503      22986
1717852279        342        331      41360      22357
1717852289        398        387      41606      23269
1717852299        326        318      39750      21992
1717852309        326        318      39849      21784
1717852319        345        334      41262      22506
1717852330        326        316      40449      21502
1717852340        322        316      39287      21959
1717852350        346        338      40603      22694
1717852360        319        309      39967      21521
1717852370        345        337      40468      22669
1717852381        314        307      38764      21539
1717852391        396        388      41145      23427
1717852401        312        305      39644      21496
1717852411        334        325      40526      22007
1717852421        340        329      41556      22374
1717852432        336        326      40635      22113
1717852442        336        328      40442      22473
1717852452        325        315      40246      21785
1717852462        363        352      42016      23140
1717852472        317        310      38682      21514
1717852482        351        341      40576      22788
1717852493        389        388      41683      31732
1717852503     298133      13635  303837482     198836
1717852513       1368      10893      91445   10183662
1717852523        309        300      35857      21013
1717852533       6778        639    6589368      26857
1717852544        356        345      44358      23580
1717852554        314        306      35251      21114
1717852564        342        335      37348      23427
1717852574        945        973      87970     106090
1717852584        399        391      40144      26053
1717852595       1281       1294     103823     107454
1717852605        164        165      12283      10160
1717852615        140        137      17109       9030
1717852625        399        161     266865       9381
1717852635        122        123       9660       8115
1717852645        136        138      10136       8756
1717852656        153        152      17124       9432
1717852666        144        145      10505       8982
1717852676        122        123       9660       8089
1717852686        151        153      12530       9059
1717852696        171        170      13254       9088
1717852706        150        152      10811       9393
1717852717        104        106       8787       7329
1717852727        162        160      14336       9628
1717852737        142        140      13820       8934
1717852747        144        144      10487       8923
1717852757        132        129      15571       8506
1717852767        136        135      14475       8970
1717852778        174        174      15726      10706
1717852788        148        147      14450       9127
1717852798        198        198      15419      10551
1717852808        140        140      14631       9293
1717852818        170        170      16078      10390
1717852828        144        142      15371       9193
1717852839        149        150      15678       9264
1717852849        169        168      16451      10325
1717852859        152        150      14787       9397
1717852869        630        631      41302      34473
1717852879        550        548      37018      29972
1717852889        148        147      13846       9153
1717852900        209        210      16103      10881
1717852910        144        145      14019       9426
1717852920        168        169      15187      10198
1717852930        138        136      14450       8920
1717852940        152        155      14486       9801
1717852950        154        156      14398       9996
1717852961        162        162      14964      10134
1717852971        160        161      15443      10128
1717852982        152        153      15233       9630
1717852992        187        187      15566      10179
1717853002        162        164      15095       9773
1717853012        140        140      15215       9307
1717853023        188        185      17623      11330
1717853033        146        146      14376       9458
1717853043        170        172      15752      10482
1717853053        138        138      14534       9642
1717853063        142        142      14204       9090
1717853073        242        242      23412      17232
1717853084        147        147      14509       9424
1717853094        190        190      16042      10298
1717853104        159        162      15269       9605
1717853114        166        163      16764      10187
1717853124        148        148      15585       9549
1717853134        146        148      15576       9364
1717853145        510        509      35852      28275
1717853155        282        280      23426      16036
1717853165        158        157      16568       9889
1717853175        146        147      15272       9331
1717853185        141        141      14932       9269
1717853195        261        262      19903      13727
1717853206        167        165      16107       9852
1717853216        174        171      17368      10257
1717853226        149        149      15792       9465
1717853236        214        215      17530      12841
1717853246        559        559      36784      30911
1717853256        180        179      16485      10912
1717853267        184        184      16489      11327
1717853277        144        144      14533       9181
1717853287        152        154      14823       9931
1717853297        188        187      15273       9880
1717853307        153        152      14878       9252
1717853317        170        171      15590      10423
1717853327        138        137      14734       9061
1717853338        170        170      15616      10498
1717853348        897        896      55645      48809
1717853358        134        134      13710       8860
1717853368        152        152      15331       9839
1717853378        144        144      15105       9315
1717853388        150        149      15978       9607
1717853399        197        195      17133      10218
1717853409        144        143      14960       8881
1717853419        229        229      20096      13369
1717853429        363        363      27399      20848
1717853439        238        239      20466      13899
1717853449        210        208      18730      12664
1717853460        346        344      26470      19632
1717853470        162        163      16684       9977
1717853480        166        165      16563      10192
1717853490        184        182      20503      11569
1717853500        199        200      14717      13451
1717853510        175        175      16725      11249
1717853521        140        139      15907       8936
1717853531        174        172      15882      10424
1717853541        138        139      14913       9198
