1717837436       3976       3974     382774     286992
1717837446      13887      14887    1161627    3081407
1717837456      36583      37836    3041200    4130847
1717837466      21696      21675    2152621    1843458
1717837477       4207      51884     220742   50799657
1717837487       3362      19244     275609   17090336
1717837497      22937     278607    1252204  272537275
1717837507      16471     215940     818958  212537667
1717837518       1771       2477     191123     908884
1717837528       1054        964     179397      68685
1717837538       1187       1149     139959      79962
1717837549      12259       9659    3652045     792186
1717837559       2875       1715    1386931     122063
1717837569       4297       1224    3372984      77617
1717837580       1656       1610     193157     117132
1717837590       1078       1032     137704      72626
1717837600       1276       1227     159202      87527
1717837613       1568       1513     186949     106982
1717837623       1031        984     134566      70492
1717837633       1411       1366     168221      99478
1717837643       2393       3285     240438    1151566
1717837654       8495       8453     822682     700975
1717837664      16653      15326    2841444    1276922
1717837674      12622       6594    6947827     511078
1717837685       6811       1600    5664022      98504
1717837697       1081       1032     140903      73958
1717837708       1131       1079     150210      78562
1717837718       1446       1384     179888      97982
1717837728       1137       1078     156195      77555
1717837738       1421       1363     174499      96010
1717837749       1390       1337     172194      94580
1717837759      39121       3489   38197094     156366
1717837770       1298       1246     166018      89968
1717837780       2730       2622     344380     192676
1717837790       1899       1512     544438     106374
1717837801       1140       1090     147890      77558
1717837811       1149       1096     153547      78257
1717837821       2587       1517    1265518     105311
1717837832       1132       1082     150983      78117
1717837842       1204       1153     153218      80029
1717837852       1212       1153     162666      81151
1717837863      22501       2685   21312399     142074
1717837873      39359       3743   38213585     178664
1717837883      56294       4856   55127074     215551
1717837893       3580       3537     355837     263165
1717837904       4485       2084    2737565     142770
1717837914       2804       1384    1630124      94012
1717837924       1023        981     131788      69510
1717837935       1026        983     131637      69404
1717837945       1081       1038     135912      71112
1717837955       1039        992     141553      69959
1717837966       1068       1025     135445      73184
1717837976       2569       1247    1518862      85954
1717837986       2225       1853     561146     137273
1717837996       2767       1678    1305926     119262
1717838007       2621       1226    1593442      83170
1717838017        955        916     122632      64848
1717838027        911        871     120537      62885
1717838038       1049        998     140400      68408
1717838048       1004        964     123334      65520
1717838058        950        910     122083      64395
1717838069        962        922     123934      65305
1717838079        973        934     125738      65726
1717838089       2158       1752     589618     129625
1717838099       5742       3519    2681200     263554
1717838110      13685      10129    4729969     826636
1717838120       1756       1401     503783      98575
1717838130        893        853     117397      61479
1717838140       1026        986     125805      70777
1717838151        981        941     120399      63507
1717838161        957        914     125874      64436
1717838172       1465       1425     158028     101161
1717838182        964        925     120362      65285
1717838192        930        890     120168      62678
1717838203       1251       1214     149035      90070
1717838213      13349      12162    2400769    1021261
1717838223       5470       5252     721202     433559
1717838234      11306      10734    1613176     899982
1717838244       5988       5950     597265     497353
1717838254       1053       1014     127620      71388
1717838264       1251       1116     234072      77969
1717838275       1136       1000     231977      69710
1717838285        923        883     119275      62257
1717838295        927        886     121933      63442
1717838306       1562       1114     574916      77763
1717838316        921        882     117603      62351
1717838326        962        906     136923      64510
1717838336       8530       8484     843747     709373
1717838347       8435       8397     824872     703490
1717838357       8352       8314     821438     700666
1717838367       1132        992     233730      67324
1717838378       1056        922     225350      64724
1717838388       1050        926     211389      64473
1717838398       1642       1127     648889      79396
1717838408       1556       1159     526064      80996
1717838419       1701       1112     727281      77617
1717838429        873        834     115426      60192
1717838443        938        901     121843      63135
1717838454        990        947     125276      64428
1717838465        895        858     116307      61285
1717838475        893        855     115928      61027
1717838485        877        838     116436      60512
1717838495        941        902     124347      63466
1717838506        875        837     115300      60342
1717838516        893        853     115929      60961
1717838526        903        866     119865      61873
1717838537        908        871     122701      62119
1717838547        907        868     116046      60940
1717838557        947        905     121563      62411
1717838567        893        855     117713      61083
1717838578        934        893     122632      62792
1717838589        881        844     115615      60648
1717838599        909        869     119153      61805
1717838609        899        860     117930      61349
1717838620        914        872     122244      61659
1717838630        891        853     117526      61182
1717838643        914        877     119668      61955
1717838654        954        913     120705      62468
1717838665        913        874     118701      61882
1717838675        899        861     118340      61464
1717838685        895        857     116027      61092
1717838695        919        877     122072      62440
1717838706        939        901     125062      63360
1717838716        865        826     114823      59854
1717838726        945        905     125835      63977
1717838737        927        887     124548      63150
1717838747        932        893     125367      63322
1717838757        931        892     116484      61383
1717838767        945        906     130135      63983
1717838778        919        876     127798      62093
1717838788        933        891     124293      62869
1717838798        949        904     128189      63614
1717838808        899        859     116280      61234
1717838819        873        834     115219      60218
1717838829        915        874     118166      61877
1717838839        925        886     124972      63059
1717838850        893        854     115354      60303
1717838860        919        880     116295      61392
1717838870        952        912     128962      65174
1717838880        946        906     127084      64631
1717838891        902        862     125038      61917
1717838901        965        923     131205      64605
1717838911        969        921     132744      63966
1717838922        910        868     123182      61809
1717838932        946        902     126956      63497
1717838942        941        899     124999      63561
1717838952        980        937     126404      64270
1717838963        948        906     124875      63306
1717838973        937        896     125771      63442
1717838983        956        914     129102      64859
1717838994        913        872     124485      62372
1717839004        959        918     127636      64417
1717839014        934        895     127688      63738
1717839024        929        891     123527      63199
1717839035        919        880     123577      62490
1717839045        982        937     129471      65399
1717839055        991        948     126647      65012
1717839066        938        900     123112      63367
1717839076        891        855     116110      61136
1717839086        899        860     116226      61241
1717839097        887        850     116476      60977
1717839107        933        893     124645      62991
1717839117        887        848     115986      60903
1717839127        875        838     115038      60215
1717839138        939        902     126879      63930
1717839148        953        912     126289      64032
1717839158       1014        975     130473      67617
1717839169        944        906     126521      64611
1717839179        928        884     127753      62760
1717839189        975        931     128690      64640
1717839199        915        874     123306      62299
1717839210        885        847     115579      60637
1717839220        883        846     115714      60739
1717839230        931        890     124486      62923
1717839240        897        861     116443      61409
1717839251        939        896     127990      63337
1717839261        943        905     117908      62738
1717839271        905        869     116931      61929
1717839282        903        862     117880      61779
1717839292        931        891     124346      63172
1717839302        916        875     127599      62637
1717839312        899        860     117556      62063
1717839323        893        854     116445      61742
1717839333        931        888     128338      63107
1717839343        937        896     126519      63598
1717839354        931        889     126862      63052
1717839364        992        947     130861      63945
1717839374        912        869     124425      62053
1717839384        962        918     128061      64416
1717839395        914        872     126056      62391
1717839405        892        852     115848      60877
1717839415        891        852     116184      61085
1717839426        892        852     116697      60810
1717839436        922        881     124559      62735
1717839446        883        846     115571      60784
1717839456        900        861     115473      60297
1717839467        940        900     119294      62691
1717839477        931        888     128350      63289
1717839487        903        864     116498      61471
1717839498        869        829     115039      60055
1717839508        907        868     117340      61635
1717839518        931        887     129509      62737
1717839528        932        890     125541      62952
1717839539        946        901     129162      63598
1717839549        923        878     125976      62379
1717839559        990        947     127628      64583
1717839570        928        887     124116      62649
1717839580        913        873     124634      62729
1717839590        932        892     124364      63122
1717839600        939        897     126286      63574
1717839611        901        862     116400      61380
1717839621        861        823     114626      59687
1717839631        917        880     117748      62230
1717839642        920        879     125060      62431
1717839652        879        863     116400      61413
1717839662        926        867     115190      60248
1717839672        926        886     121099      62307
1717839683       1050       1008     135798      73322
1717839693        871        834     114840      60033
1717839703        921        879     121482      62277
1717839714        917        875     123644      61921
1717839724        875        839     115319      60408
1717839734        897        859     116756      61239
1717839744        928        889     126437      63096
1717839755        968        927     130423      64627
1717839765        972        929     129326      63279
1717839775        949        904     128831      63459
1717839786        927        886     125487      62793
1717839796        865        827     114544      59727
1717839806        885        847     115814      60797
1717839816        927        887     126321      63046
1717839827        933        893     125146      63473
1717839837        871        833     115121      60160
1717839847        887        850     115633      60761
1717839858        895        857     116931      61246
1717839868        954        913     127201      62616
1717839878        951        910     129919      64109
1717839889        941        896     128970      63038
1717839899        926        883     125857      62698
1717839909        925        887     123136      62685
1717839919        913        873     123414      62565
1717839930        943        903     123089      63900
1717839940        915        876     124211      62969
1717839950        934        895     125519      63522
1717839960        907        868     116048      60940
1717839971        923        884     116568      61622
1717839981        881        842     116234      60638
1717839991        923        880     125509      62329
1717840002        887        848     115913      60855
1717840012        887        848     115633      60695
1717840022        891        851     118281      61112
1717840033        924        883     122988      62583
1717840043        885        848     115785      60895
1717840053        877        838     115138      60240
1717840063        930        889     119580      61519
1717840074        962        919     128791      63970
1717840084        891        851     121369      61344
1717840094        945        904     126531      63701
1717840105        883        844     115789      60721
1717840115        889        850     115806      60834
1717840125        881        842     116202      60638
1717840135        933        889     126324      62643
1717840146        889        850     116086      60994
1717840156        891        852     115831      60877
1717840166        984        940     131254      64034
1717840177        952        908     126506      63634
1717840187        935        894     126959      63597
1717840197        903        863     123933      62010
1717840207        919        880     123895      62975
1717840218        931        893     127071      63514
1717840228        911        870     124667      62281
1717840239        889        854     115732      60918
1717840250        887        849     115987      60936
1717840260        920        879     122880      61883
1717840271        951        912     121472      62354
1717840281        871        833     114841      60000
1717840292        895        857     117657      61248
1717840302        905        866     119532      61630
1717840312        907        867     121817      61786
1717840323        891        854     115831      60943
1717840333        867        827     117387      60020
1717840343        944        906     125055      63529
1717840353        877        840     115492      60514
1717840364        917        876     119248      61884
1717840374        939        900     118791      61777
1717840384        893        853     120456      61081
1717840395        907        868     116903      61765
1717840405        889        849     119238      60787
1717840415        905        867     117772      61703
1717840425        908        868     120102      61776
1717840436        891        852     118665      61145
1717840446        938        898     128287      63403
1717840456        951        910     128591      64083
1717840467        926        886     123291      61769
1717840477        951        911     128673      63496
1717840487        944        903     128490      63851
1717840497        942        898     128101      63189
1717840508        947        907     126599      63676
1717840518        881        843     115506      60503
1717840528        875        836     115319      60309
1717840539        911        874     118683      61857
1717840549        912        869     125093      61968
1717840559        897        858     116128      61150
1717840569        920        883     117183      61144
1717840580        918        879     119067      61856
1717840590        919        879     123271      62394
1717840600        889        851     115806      60867
1717840611        877        838     116674      60348
1717840621        913        871     119914      61609
1717840631        925        883     123356      62601
1717840642        881        846     116103      60741
1717840652        895        856     118483      61353
1717840662        919        878     122185      62261
1717840672        924        886     117149      61073
1717840683        900        863     117482      61327
1717840693        887        848     116509      60911
1717840703        909        870     121476      61872
1717840714        885        847     116272      60927
1717840724        889        849     118624      60861
1717840734        897        860     116482      61424
1717840744        925        883     123464      62367
1717840755        895        855     117801      61190
1717840765        891        851     116869      60792
1717840776        935        895     116514      61448
1717840786        926        885     122839      62645
1717840796        875        835     117458      60328
1717840807        917        878     117622      62116
1717840817        879        839     120623      60690
1717840827        923        883     125122      62976
1717840838        905        869     122017      62381
1717840848        885        847     115535      60637
1717840858        891        853     116186      61118
1717840868        930        892     126896      63039
1717840879       1003        960     130200      64819
1717840889        917        874     126263      62272
1717840899        929        889     123438      62991
1717840910        947        907     128396      63908
1717840920        923        881     126172      62630
1717840930        956        914     125571      63876
1717840940        901        862     125140      61975
1717840951        953        914     127213      64258
1717840961        911        868     126416      62301
1717840971        976        935     127163      63803
1717840982        960        921     128875      64527
1717840992        880        841     118593      60959
1717841002        956        919     126495      64533
1717841012        867        831     114924      60044
1717841023        885        846     115535      60604
1717841033        943        900     128724      63705
1717841043        905        868     124303      62200
1717841054        903        864     116706      61583
1717841064        873        835     115015      60139
1717841074        944        907     118902      62236
1717841084        924        882     127455      62486
1717841095        927        886     127850      63069
1717841105        901        866     116401      61512
1717841116        879        841     115518      60524
1717841126        922        879     126266      62244
1717841136        873        837     115221      60317
1717841146        903        865     116426      61456
1717841157        885        844     119507      60944
1717841167        923        884     122866      62527
1717841177        920        882     115984      60943
1717841188        874        835     114778      59966
1717841198       9076       1419    8273257      79556
1717841208        979       1262     122257     404383
1717841219        873        834     115218      60218
1717841229        903        866     117337      61545
1717841239        919        880     124694      62570
1717841249        901        862     116574      61380
1717841260        869        829     115075      60029
1717841270        943        901     122962      63092
1717841281        953        911     122052      62187
1717841291       9265       1398    8495592      77967
1717841301        977       1193     122356     335983
1717841312        905        866     116930      62290
1717841322        883        844     116631      60729
1717841332        949        906     125258      63560
1717841342        917        877     119730      63543
1717841353        982        943     135322      67776
1717841363        909        869     119657      62057
1717841373        951        908     128508      63315
1717841384       5191       1199    4347990      73205
1717841394        969       1206     121755     356671
1717841404        927        887     123861      62742
1717841414       4927       1070    4200194      65477
1717841425        867        829     114920      59978
1717841435        893        856     115928      61060
1717841445        901        862     119140      61552
1717841455        925        884     123190      62716
1717841466        881        844     115688      60696
1717841476        980        948     129218      65060
1717841486        966        916     127699      64034
1717841497        917        877     126344      62647
1717841507        911        874     116819      61853
1717841517        877        838     115470      60400
1717841527        887        850     116787      60709
1717841538        925        886     125433      62843
1717841548        907        868     116815      61653
1717841558        904        866     117364      62345
1717841569        911        873     120162      61936
1717841579        956        913     124614      63415
1717841589        916        879     116956      60960
1717841599        940        897     128060      63417
1717841610        901        861     121906      61587
1717841620        891        854     116109      61103
1717841630        939        899     124527      63428
1717841641        928        890     125642      63170
1717841651        978        936     128434      65798
1717841661        883        845     115713      60706
1717841672        914        873     126257      62274
1717841682        994        953     127792      65345
1717841692        969        928     129778      64588
1717841703        898        862     120837      61643
1717841713        943        901     125976      63548
1717841723        917        877     122788      62523
1717841733        939        901     124711      63550
1717841744        895        853     122777      61356
1717841754        955        916     125141      64353
1717841766        952        915     125002      65734
1717841777       1510       1473     166495     104502
1717841787        976        936     125932      64169
1717841798        943        904     126073      63509
1717841808        897        859     121600      61739
1717841818        933        893     123614      63151
1717841829        917        878     125372      62620
1717841839        949        910     125480      63767
1717841849        887        846     121342      61073
1717841860        963        924     125082      65392
1717841870        913        873     121944      62479
1717841880        954        914     123063      63013
1717841890        928        888     123351      62671
1717841901        919        880     123051      62655
1717841911        932        890     125643      63284
1717841921        901        861     121685      61583
1717841932        924        881     124052      62461
1717841942        936        893     124758      62713
1717841952        916        875     122806      62245
1717841963        935        893     122917      62904
1717841973        909        865     123446      61789
1717841983        954        911     122715      62535
1717841993        938        897     122571      62984
1717842004       3533       1008    2776711      64559
1717842014       1016        977     127109      71194
1717842024        964       1225     121388     381220
1717842035       6314       1110    5637345      65092
1717842045        909        871     116772      61755
1717842055        913        872     122286      62148
1717842066        929        890     123206      62838
1717842076        914        875     122109      62164
1717842086        989        946     125330      63734
1717842096        916        875     122208      62233
1717842107        947        910     121388      64699
1717842117        909        867     121350      61937
1717842127        927        886     122565      62655
1717842138        935        898     122624      63516
1717842148        921        882     120928      62746
1717842158        893        856     119670      61642
1717842168        904        866     121708      62362
1717842179        931        892     122048      62906
1717842189        956        917     123385      64194
1717842199        928        891     122223      64068
1717842210        919        879     122519      62566
1717842220        893        855     120432      61341
1717842230        922        882     121918      62798
1717842241        917        879     122412      62515
1717842251        913        873     122034      62337
1717842262        920        881     122209      63146
1717842272        906        870     121241      62287
1717842282        923        884     123015      62775
1717842293        945        907     123534      62557
1717842303        929        892     123972      62852
1717842313        941        898     125134      64612
1717842323        939        899     124069      63998
1717842334        893        856     120978      61478
1717842344        917        878     122450      62478
1717842354        919        879     122803      62510
1717842365        911        873     122287      62216
1717842375        926        888     123941      63011
1717842385        947        904     123338      62358
1717842395        936        895     124589      62678
1717842406        937        896     125650      62976
1717842416        892        852     120652      61294
1717842426        945        904     124188      63340
1717842437        895        858     121002      61648
1717842447        939        897     123046      63935
1717842457        931        892     123217      63193
1717842467        891        853     119715      61194
1717842478        919        879     121835      62562
1717842488        937        899     120694      62099
1717842498        954        914     122817      63737
1717842509        906        867     120177      61816
1717842519        886        848     119934      61088
1717842529        921        879     121720      62345
1717842539        897        856     120240      61420
1717842550        931        890     122095      62807
1717842560        877        838     115414      60400
1717842570        879        839     115233      60324
1717842581        900        861     117394      61407
1717842591        936        896     119671      61807
1717842601        894        855     116117      61084
1717842612        891        852     115753      60811
1717842622        895        855     118005      61160
1717842632        900        862     120316      61664
1717842643        890        852     116026      60996
1717842653        887        849     115703      60786
1717842663        881        843     117264      60621
1717842673        920        882     123154      62584
1717842684        907        865     122923      61818
1717842694        953        916     117120      62190
1717842704        895        854     122183      61279
1717842715        944        904     123930      63440
1717842725        898        859     120005      61420
1717842735        927        887     122129      62854
1717842746        913        875     120781      62336
1717842756        888        850     120150      61132
1717842766        923        883     122013      62486
1717842776        923        882     122639      62553
1717842787        915        876     121301      62045
1717842797        943        903     121907      62016
1717842807        948        908     123974      63576
1717842818        887        847     121415      60792
1717842828        924        883     122512      62343
1717842838        911        871     120741      62100
1717842849        917        878     121212      62246
1717842859        903        864     120377      61877
1717842869        909        869     120770      61897
1717842879        911        874     119855      62463
1717842890        934        895     119981      62198
1717842900        936        900     120809      62691
1717842910        913        872     120654      61980
1717842921        899        860     119849      61695
1717842931        907        868     119521      62007
1717842941        889        850     116136      61004
1717842951        901        862     120128      61734
1717842962        883        843     119815      60934
1717842972        920        881     120914      62551
1717842982        879        840     115513      60501
1717842993        936        895     121117      61800
1717843003        934        892     122345      62663
1717843013        913        872     121160      62046
1717843024        901        862     119476      61894
1717843034        925        886     120912      62874
1717843044        889        852     116053      61153
1717843055        897        857     120278      61459
1717843065        899        860     116577      61459
1717843075        879        840     115307      60389
1717843085        889        848     121368      61114
1717843096        975        935     123521      63620
1717843106        924        882     122352      62294
1717843116        899        860     120097      61643
1717843127        898        859     120745      61710
1717843137        923        883     122039      62594
1717843147        889        848     120936      61066
1717843157        915        875     121597      62278
1717843168        918        879     121425      62572
1717843178        893        853     120392      61277
1717843188        920        880     122348      62570
1717843199        974        933     123193      63094
1717843209        891        850     120677      61157
1717843219        919        892     122311      62781
1717843229        909        870     122548      62090
1717843240        913        875     122174      62305
1717843250        899        859     121581      61394
1717843260        914        877     121203      62456
1717843271        917        878     121552      62402
1717843281        895        854     120893      61279
1717843291       1222       1437     146513     354395
1717843302       1052        942     197396      63639
1717843312        903        865     118666      61874
1717843322        924        886     122014      63653
1717843332       1495       1682     304744     343842
1717843343        879        859     115554      61249
1717843353       1175       1414     143460     372994
1717843363       1006        895     200168      63453
1717843374        909        872     121163      62258
1717843384        925        886     123311      62872
1717843394        979        940     124895      65693
1717843404       1495       1588     313411     383975
1717843415        901        864     121028      61790
1717843425        928        889     123666      62965
1717843435        901        861     121626      61475
1717843446        915        876     123045      62495
1717843456        921        882     122652      62526
1717843466       1772       1268     650461      91294
1717843477        916        878     122024      62128
1717843487        902        862     121192      61693
1717843497       1339       1064     384689      73069
1717843507        951        909     124341      64145
1717843518        921        879     123114      62267
1717843528        913        871     122482      62141
1717843538       1829       1299     678004      92371
1717843549        893        854     116199      61128
1717843559        875        836     115028      60149
1717843569       1570       1280     421440      91384
1717843579       1406       1516     327394     423074
1717843590       1040        997     134920      72765
1717843600       1208       1164     145949      80339
1717843610       1858       1883     439099     436970
1717843621       1064        943     210835      66063
1717843631        888        848     119925      60946
1717843641       1271       1135     249843      80649
1717843652        904        865     119031      61893
1717843662       1317       1255     181320      96713
1717843672       6566       5526    1601159     405760
1717843682       4778       1725    3401445     116560
1717843693       4440       1405    3349994      92990
1717843703        978        938     121240      64036
1717843713        904        864     119634      62413
1717843724        940        899     122428      63806
1717843734       1388       1322     192414     100931
1717843744       7895       5791    2753378     423166
1717843754       8107       2328    6357710     154008
1717843765       3646       1392    2521352      94652
1717843775        977        933     127230      66753
1717843785       1074       1031     136993      74845
1717843796       2890       1574    1541919     112874
1717843806       2645       1765    1397100     434224
1717843816       1397       1356     165115      99685
1717843827       2423       1262    1352132      88276
1717843837       4288       1754    2870470     119996
1717843848       4561       2094    2792115     146938
1717843858       1120       1078     139972      78203
1717843868       3083       1862    1471887     133811
1717843878        972        930     126160      66278
1717843889       4256       1971    2603247     139612
1717843899       2921       1729    1422583     122015
1717843909       3299       2217    1671535     488909
1717843920        966        964     124685      66967
1717843930       1053       1034     134090      74260
1717843940       4472       2201    2623168     154629
1717843950        962        923     125357      65864
1717843961       3517       2143    1658873     161079
1717843971       4959       4765     639629     351190
1717843981       4496       1988    2845010     138612
1717843992       5680       2020    4073379     137008
1717844002       5027       1370    4012641      84923
1717844012        980        939     127917      66882
1717844022        973        930     127928      66750
1717844033       1008        968     134157      68540
1717844043       2317       1772    1255825     102505
1717844054       3990       1563    2759958     104550
1717844064       3278       1588    1938597     109294
1717844074       4053       1353    2993800      90249
1717844085       4214       1745    2782145     120206
1717844095       1118       1075     140276      76956
1717844105       2355       1123    1415697      74995
1717844115       2642       1381    1465967      95681
1717844126       3079       1751    1572307     125253
1717844136       3070       1847    1756577     422021
1717844146       2216       1041    1345260      70913
1717844157       2523       1194    1524984      82803
1717844167       1241       1200     152573      86748
1717844177       4234       1514    3029961     101433
1717844187       3608       2183    1989784     432806
1717844198       1002        960     131411      68748
1717844208       2473       1274    1386283      85220
1717844218       1004        960     131456      68773
1717844229       2631       1247    1587559      85158
1717844239       1728       1433     448228     104273
1717844249       5143       1550    3959573     101571
1717844260       3104       1521    1823815     106129
1717844270       1019        976     132463      69482
1717844280        989        946     131258      68277
1717844291       1019        973     133361      69465
1717844301       1242       1196     159132      86844
1717844311       2695       1342    1556654      89337
1717844321       1961       1370     751783      98416
1717844332       1045       1001     133751      70632
1717844342        977        935     130665      67764
1717844352       1128       1082     144313      78210
1717844363       1072       1023     141837      72257
1717844373        997        952     131654      68575
1717844383       4544       2002    2962362     217974
1717844394       1009        964     133422      69453
1717844404       3315       2226    1715707     518843
1717844414       1032        987     132251      69271
1717844425       1238       1194     152479      86083
1717844435       1001        957     133908      68686
1717844445       1105       1033     167030      72289
1717844456       3081       1905    1423614     136599
1717844466       3946       2328    2154121     392460
1717844476       1014        972     131416      69128
1717844486       2416       1144    1453237      78737
1717844497       1004        962     130869      68673
1717844507       1019        977     130245      68024
1717844517        997        953     130605      67932
1717844528       6832       5822    1875438     712651
1717844538       9258       4083    6958532    1387811
1717844548       4671       1972    3046374     134970
1717844558       1102       1058     142377      76383
1717844569       1034        990     135087      70617
1717844579       1040        992     138228      70814
1717844589       1063       1018     141565      72205
1717844600       1022        977     135195      71228
1717844610       4233       2999    2777403    1420245
1717844620       6055       3851    3856899    1464718
1717844631       1194       1150     149417      82772
1717844641       4025       2354    2088413     259056
1717844651       2693       2842    1283552    1404543
1717844661       1015        971     133774      69759
1717844672       3325       1867    1726162     132138
1717844682       4534       1791    3082632     123526
1717844692       1565       1520     181546     109363
1717844703        987        946     131163      68252
1717844713       1057       1011     133736      69476
1717844723       1041        993     144223      70584
1717844734       2646       1555    1305409     107981
1717844744        997        952     131659      68575
1717844754        987        943     130884      67993
1717844764       1056       1009     140635      71002
1717844775       1033        985     139597      70048
1717844785       1011        967     132352      69245
1717844795       1028        985     134206      70881
1717844806       2755       2886    1395186    1496744
1717844816       1053       1007     132375      69372
1717844826        973        930     130471      67549
1717844837       3059       1867    1438967     132216
1717844847       1001        956     131856      68757
1717844857       1001        956     131576      68597
1717844867       2725       2564     412044     196178
1717844878       4646       3313    3033640    1580767
1717844888       2609       4008     268326    1718548
1717844898        955        912     126782      66003
1717844909       3154       1308    2085235      87284
1717844919       1003        960     127497      66635
1717844929       4453       1774    3008340     123241
1717844939       4183       1622    2854792     111448
1717844950       5711       2892    3618120     567427
1717844960       3149       1477    1913557     103783
1717844970       4409       2904    1986057     330834
1717844981       3942       1776    2458605     124189
1717844991       6215       3241    4635897    1415638
1717845001       6154       4635    2166805     477177
1717845011       9038       5505    5254744    1405927
1717845022       3467       1535    2191843     105546
1717845032       2694       1419    1484955      98402
1717845042       5823       5584    3123028    2798983
1717845053       1036        993     132075      70102
1717845063       1180       1138     147969      83090
1717845073       3818       4396    1270467    1835077
1717845083        954        913     124348      65268
1717845094       3288       2995    1710038    1357720
1717845104        958        917     124565      65476
1717845114        979        938     124101      65045
1717845125       4449       4213    2075699    1763154
1717845135       1010        970     129334      69137
1717845145       1174       1134     144812      82209
1717845156       3135       2443     957463     181666
1717845166       3708       4804     364066    1471122
1717845176        940        899     123981      64663
1717845186        968        927     127797      67281
1717845197       1149       1012     237262      70483
1717845207        946        905     124559      65096
1717845217        991        951     124943      65570
1717845228       1073       1032     135728      74420
1717845238       2404       1105    1480517      74121
1717845248       1045       1006     132717      73076
1717845259       2691       1179    1713191      80419
1717845269       1112       1070     139654      77559
1717845279       4230       1446    3091581      96391
1717845290       4507       1836    3008073     131018
1717845300       6195       6268     595821     572108
1717845310       4065       2141    2235378     147136
1717845320       3728       2253    1766038     156685
1717845331       3342       2292    1550123     392528
1717845341       5272       3571    2131364     257680
1717845351       2696       8472     259367    6337021
1717845362       3807       2451    1892757     397713
1717845372       2331       2668     240815     562611
1717845382       1717       1815     192170     265259
1717845393       2368       2474     409563     473495
1717845403       3013       2108    1229565     223197
1717845413       1895       1885     208442     162514
1717845423       2141       2240     227443     289389
1717845434       2102       2016     390779     259301
1717845444       4101       5647     984864    2551699
1717845454       6940       9378     650708    3118823
1717845465       2441       2835     259039     626803
1717845475       5461       3807    2344487     513149
1717845485       3582       3699     361963     422328
1717845496       4466       3018    1845517     237703
1717845506       7928       7137    1745802     774086
1717845516       5312       7686     506900    2938219
1717845527       6653       5548    2689680    1416560
1717845537       2045       2001     224590     146751
1717845547       2390       2580     256522     417204
1717845557       2077       2008     251870     146967
1717845568       1725       1551     323082     111717
1717845578       2071       1800     449211     129961
1717845588       2163       1867     487757     144207
1717845599       3026       2666     659955     231690
1717845609       1963       1733     396543     126214
1717845619       5470       5691    2671170    2834629
1717845630       4587       3882    2216777    1418810
1717845640       2318       2665     246765     574393
1717845650       2614       2571     276592     189198
1717845660       1738       1695     199947     123991
1717845671       1888       1810     280098     164412
1717845681       2065       1887     358750     137540
1717845691       7558       6040    2155832     438305
1717845702       1955       1917     213210     141372
1717845712       7759      10609    1915993    4784280
1717845722       1626       1586     184033     113843
1717845733       4131       1541    2890875     103129
1717845743       2509       3115     261765     856366
1717845753        938        898     124181      64765
1717845764       1091        971     210665      67883
1717845774       1374        969     523083      67810
1717845784        960        920     124991      65606
1717845794        956        914     125073      65518
1717845805       1690       1649     194711     119965
1717845815       1006        962     136236      67769
1717845825        990        949     124682      65328
1717845836       1060        925     230618      66069
1717845846       2856       3046    1485427    1650826
1717845856       1178       1134     145637      82344
1717845866       1442       1400     169482     101315
1717845877       1428       3396     165707    2226788
1717845887       3162       4429    1617622    2912601
1717845897       1122       1080     140028      78538
1717845908        946        908     123763      64869
1717845918       4710       4298    2193403    1699957
1717845928       1864       2879     197818    1244785
1717845938       1342       1581     157424     384028
1717845949       1382        966     530677      67054
1717845959       3120       1438    1915803      97671
1717845969        977        939     126193      67614
1717845980        929        889     121149      63544
1717845990       1331       1291     159370      93037
1717846000        960        916     130048      64856
1717846010        939        899     121926      64159
1717846021        958        917     123918      63941
1717846031        983        939     126301      65248
1717846041        945        905     126890      64605
1717846052        937        898     121827      64101
1717846062        937        896     122883      63987
1717846072        925        884     123619      63385
1717846082       3306       1771    1795778     125824
1717846093       1271        954     420854      66532
1717846103       1155       2236     137018    1263952
1717846113       3177       3964     737972    1515190
1717846124       2295       1158    1303702      75829
1717846134       3268       1718    1799348     119145
1717846144       2962       4231     705631    2009499
1717846154       1860       2990     198683    1363850
1717846165        870        832     114299      59801
1717846175        908        870     116460      61690
1717846185        917        873     129602      62085
1717846195       3595       1737    2133988     123073
1717846206        904        866     115982      61348
1717846216        872        835     114624      60085
1717846226       2444       2122     669826     291888
1717846236       2710       1545    1380724     112126
1717846247       1489       1168     445770      81827
1717846257       2445       4077     249674    1944285
1717846267       1384        923     576135      63050
1717846278        862        824     116174      59050
1717846288        920        881     119143      61418
1717846298        859        821     116190      58767
1717846309       2334       1071    1439891      72867
1717846319        887        848     117089      60116
1717846329        931        893     117689      60433
1717846339       3312       1633    1937501     114981
1717846350       1105        929     271300      66215
1717846360        871        835     115809      59539
1717846370       1686       1650     192064     122658
1717846380       3322       1773    1813075     128616
1717846391       1087       1050     135708      75691
1717846401       1777       1465     466866     107373
1717846411       4970       4421     981817     326514
1717846422       1320       2717     147776    1603595
1717846432        921        887     112893      60043
1717846442        839        804     110584      57973
1717846452        905        864     122024      60875
1717846463        861        825     111492      58806
1717846473        863        829     111872      59123
1717846483        855        818     112050      58556
1717846493        905        866     118655      60937
1717846504        833        800     110107      57631
1717846514        849        812     111179      58387
1717846524        883        847     113330      59753
1717846534        933        895     120299      60796
1717846545        865        829     111690      58988
1717846555        855        817     112392      58575
1717846565        875        839     112186      59469
1717846575        886        848     119363      60067
1717846586        853        814     112427      58317
1717846596        859        822     111674      58894
1717846606        903        862     119314      60512
1717846617        871        833     112484      59381
1717846627        885        848     112925      59152
1717846637        863        828     110996      58462
1717846647        912        879     118876      69039
1717846658       3518       1427    2374899     102883
1717846668       2005       5077     195321    3448466
1717846678       2585       2787     264136     432359
1717846688       2429       2386     238531     176321
1717846699       1362       1302     172746      93583
1717846709       2328       4006     236651    2028116
1717846719      14313       1812   13409921      97390
1717846730        975        932     123919      64823
1717846740       1003        965     125469      68975
1717846750       2404       3719     249114    1608906
1717846760       3118       1810    1544216     127660
1717846771       2009       1423     752015     102305
1717846781       2299       1602     883757     115363
1717846791       1867       2078     199651     397417
1717846801       4769       6563    1209725    3039450
1717846812       2701       1326    1578368      94427
1717846822       6700       6277    1012507     457545
1717846832       4853       9211    1054746    5601234
1717846843       5752       5702     552425     417252
1717846853       1937       1897     212223     137817
1717846863       1604       1419     325414     101983
1717846873       3039       2897     415396     209307
1717846884       1065       1026     131135      74208
1717846894       2968       8743     283728    6355110
1717846904       1979       1861     461999     305880
1717846915       1788       1936     200976     324649
1717846925       2425       2052     916104     484043
1717846935       1800       1944     191599     308110
1717846946       2228       1927     687832     329102
1717846956       1843       1866     198553     185599
1717846966       5498       3641    3122026    1087348
1717846976       3785       7759     358326    4501681
1717846987       2767       2953     275425     423292
1717846997       5281       6700    1568640    3015051
1717847007       2286       2347     236964     261297
1717847018      17824       4979   14891481    1108163
1717847028       1954       2008     213791     230506
1717847038       1872       1943     204013     246750
1717847048       1905       1864     244299     159706
1717847059       8112       7146    1927223     782921
1717847069       4919       6096     473678    1637213
1717847079       6256       4273    3162894     980712
1717847090       1135       1097     136575      78994
1717847100       2848       3069     292828     479380
1717847110       4354       3332    1659493     514932
1717847120        985        946     124938      67918
1717847131        947        909     122115      65620
1717847141       1384       1346     157015      94722
1717847151       2990       2688     561261     193970
1717847162       2004       1716     466271     128908
1717847172       3592       3554     357296     259903
1717847182       3862       4232     385474     711318
1717847192       2486       2344     363338     170635
1717847203       1871       1438     585957     101117
1717847213       2433       2588     335343     457437
1717847223       2535       2492     271254     181848
1717847234       1960       2192     216147     424287
1717847244       1991       3169     224939    1437104
1717847254       2057       1651     578357     118938
1717847265       1687       1641     198956     120362
1717847275       2267       2196     273491     159623
1717847285       2506       1799     918319     129174
1717847295       1917       2177     205436     450426
1717847306       2507       1806     907933     128266
1717847316       1917       1878     208976     138034
1717847326       1713       1673     191644     122914
1717847337       2044       1926     292846     137861
1717847347       3889       5349    1300391    2802498
1717847357       1921       1881     208459     137691
1717847367       1727       1687     193011     124057
1717847378       1790       1751     197263     128118
1717847388       2012       1897     286205     136833
1717847398       2342       1928     606058     136841
1717847408       6949       5736    1803350     418844
1717847419       3343       3309     334892     244620
1717847429       6410       5477    2820434    1727596
1717847439        984        948     120488      64845
1717847450       1434       1396     165640     101899
1717847460       2153       4850     220392    3046172
1717847470        911        872     119804      62015
1717847480       1100        891     301120      62687
1717847491       1054       1014     134855      73528
1717847501       1829       3056     197459    1470121
1717847511       1034        995     131254      71113
1717847522       1474       1438     168665     104089
1717847532        897        856     119639      60872
1717847542        944        908     117163      61749
1717847552       1009        870     230792      61626
1717847563        890        854     115513      60796
1717847573       1610       1572     180616     113837
1717847583        880        842     117369      60146
1717847594        910        871     119352      61650
1717847604        997        851     234013      60568
1717847614        894        857     114848      60786
1717847624        879        839     120703      60275
1717847635       1613       1576     179816     113701
1717847645        915        879     114625      60407
1717847655       1150       1430     139532     415711
1717847665       1011        868     229923      61551
1717847676        896        861     114999      60917
1717847686        996        842     236902      60137
1717847696        876        836     116701      59738
1717847707        906        868     118892      61713
1717847717        876        838     114063      59908
1717847727        888        850     114829      60614
1717847737        904        869     116498      60460
1717847748        922        884     119472      61665
1717847758        880        842     114055      59999
1717847768        856        821     113299      59257
1717847778        910        872     117729      61459
1717847789        898        857     119567      60926
1717847799       1104       2312     129278    1392139
1717847809       1120       2318     131767    1379603
1717847819        896        857     117063      60789
1717847830        920        879     125125      62125
1717847840       1267       1238     146601      92839
1717847850       1495       3916     159991    2701068
1717847861        873        836     112676      59485
1717847871        902        863     123326      61178
1717847881        875        840     113325      59802
1717847891        875        837     114837      59547
1717847902        869        834     112758      59529
1717847912        853        817     115394      58780
1717847922        900        863     114315      60835
1717847932        855        818     113927      58670
1717847943        904        870     113268      59928
1717847953        906        868     117260      60768
1717847963        833        797     110977      57858
1717847974        919        883     117090      61507
1717847984        839        802     111440      58098
1717847994        913        876     117843      61477
1717848004        839        806     111274      58230
1717848015        891        852     115747      60134
1717848025        867        831     115601      59685
1717848035        861        827     112083      59038
1717848045        922        886     115038      60573
1717848056        866        831     113851      59232
1717848066        881        844     115227      60152
1717848076        865        830     112336      59187
1717848087        859        820     114609      58972
1717848097        901        865     115875      60796
1717848107        855        819     114266      58919
1717848117        873        836     112732      59485
1717848128        861        824     114641      59129
1717848138       1131       3757     127378    2889687
1717848148        939        901     117082      61091
1717848159        857        822     111939      58823
1717848169        901        864     117669      60871
1717848179        867        828     113935      59176
1717848189        881        844     116162      59961
1717848200        861        826     112083      59005
1717848210        857        821     114612      58980
1717848220        902        864     117291      60848
1717848231        849        813     111770      58586
1717848241        892        856     115596      60207
1717848251        897        860     112540      59263
1717848261        883        845     116099      59971
1717848272        871        837     112859      59653
1717848282        873        833     114920      59308
1717848292        873        837     112977      59704
1717848303        879        844     115776      59996
1717848313        841        804     111374      58189
1717848323        895        858     115226      60490
1717848333        859        824     111727      59214
1717848344        903        866     114784      59973
1717848354        869        833     110715      58405
1717848364        879        843     113285      59463
1717848375        843        806     111301      57896
1717848385        861        823     114354      58798
1717848395        873        836     111500      59153
1717848406        895        857     116155      61701
1717848416        875        837     114413      59383
1717848426       3530       1007    2772316      65883
1717848436       2494       7559     223578    5559089
1717848447       3009       7306     283958    4779914
1717848457       2382       2338     235879     174121
1717848467       1568       1512     185930     108616
1717848477      17178       2893   16052236     788959
1717848488       2085       4923     215265    3195275
1717848498        971        928     127850      66659
1717848508        979        933     130239      66359
1717848519       1092       1314     137387     349795
1717848529       2839       4084     284668    1562613
1717848539        898        858     118534      61814
1717848549        956        912     124545      63181
1717848560       1071        989     170901      68939
1717848570       3349       2828    1059114     458782
1717848580       2479       2068     618948     149429
1717848590       1367       1065     416269      75773
1717848601       1363       1062     415271      74936
1717848611       2529       5762     249863    3652479
1717848621       1578       1540     178173     111054
1717848632        907        867     121586      61987
1717848642       1389       1088     414946      76168
1717848652       1460       1423     162526     101181
1717848662        960        924     122297      66618
1717848673       1254        951     407432      66869
1717848683        885        849     113285      60090
1717848693        853        818     111963      58801
1717848704        863        826     112232      59056
1717848714        967        930     123041      66273
1717848724       4770       5774    2825659    3842222
1717848734       2905       6830     280209    4390709
1717848745       2674       2283     605482     169047
1717848755       1630       1590     171719     112166
1717848765      17236       4868   15636075    2334956
1717848776       1637       1596     187386     115282
1717848786       1008        965     131355      69020
1717848796       1065       1025     134342      73632
1717848806       2286       3882     245192    1895055
1717848817       1633       1594     184351     115848
1717848827        922        883     119666      62939
1717848837        928        885     124208      63245
1717848847       2010       2187     254532     407134
1717848858       3544       2730    1108150     193474
1717848868       1053       1014     131437      73128
1717848878       2034       1076    1112898      73554
1717848889       1491       1453     170857     105830
1717848899       2612       2573     266274     187820
1717848909       3076       1082    2216544      72165
1717848919        977        941     122743      67570
1717848930       1450       1413     164273     103279
1717848940       1011        971     129447      69091
1717848950        975        936     124419      64711
1717848960       1188        894     390291      61985
1717848971       1394       1357     151273      96946
1717848981       1234        934     400917      65196
1717848991        853        818     111966      58801
1717849002        883        847     113171      59973
1717849012        852        816     112766      58683
1717849022        897        859     118074      60556
1717849032        849        812     111768      58553
1717849043        891        858     113670      60619
1717849053        904        868     115509      60816
1717849063        902        864     116877      60642
1717849073        861        825     112362      59158
1717849084        859        822     111983      58848
1717849094        885        847     115376      60336
1717849104        879        841     116499      60549
1717849114        853        816     111966      58735
1717849125        871        834     112577      59394
1717849135        865        826     114176      59189
1717849145        905        865     118064      60854
1717849156        888        851     112887      59453
1717849166        964        927     120136      66622
1717849176        865        827     114110      59196
1717849186        889        850     117308      60267
1717849197        859        821     111161      58695
1717849207        845        807     111356      57794
1717849217        869        832     114412      59493
1717849227        865        828     112096      58845
1717849238       1098       1064     128864      77227
1717849249       3116        933    2406911      60127
1717849259        882        846     109321      57852
1717849269        885        853     111880      61161
1717849279     299175      15941  303993835    1454714
1717849290        895        858     117054      60620
1717849300        844        808     112920      57962
1717849310       7598       1138    6970683      63188
1717849320        870        835     111503      59639
1717849331        846        810     109529      57638
1717849341        953        921     119852      65546
1717849351        880        846     116685      60251
1717849361        933        897     112419      61732
1717849372       1768       1752     179411     146466
1717849382        940        681     338625      47749
1717849392        702        673      87851      47453
1717849402        706        679      88045      47723
1717849413        708        680      89086      47759
1717849423        705        672      93607      47214
1717849433        710        678      93575      47678
1717849443        724        696      92651      48503
1717849454        700        669      92038      47362
1717849464        770        741      92517      49197
1717849474        692        666      90026      47489
1717849484        718        689      91494      48413
1717849495        704        676      91544      47969
1717849505        716        689      92115      48306
1717849515        683        653      91118      46770
1717849525        722        692      92422      48506
1717849535        702        672      92119      47704
1717849546        708        676      92447      47669
1717849556        736        706      92797      48426
1717849566        725        695      91464      47927
1717849576        717        688      92386      48980
1717849587     298508      13955  303868663     226123
1717849597       1216       2417     127929    1374300
1717849607        714        684      89457      48242
1717849617       7420       1143    6929872      53451
1717849628        787        764     100276      61182
1717849638        692        663      91073      47383
1717849648        722        690      93600      48306
1717849658        836        807     102824      56168
1717849669        728        698      94219      48830
1717849679       1841       1596     408418     130470
1717849689        569        547      72627      37793
1717849699        548        527      71219      36861
1717849710        556        534      71697      36924
1717849720        551        528      72093      36811
1717849730        555        531      71294      36692
1717849740        543        520      70567      36447
1717849750        557        536      69695      37206
1717849761        577        557      69276      37095
1717849771        584        562      70535      38148
1717849781        560        538      69974      37158
1717849791        551        529      69368      36952
1717849802        549        527      69440      36701
1717849812        537        515      69655      36367
1717849822        571        549      71301      37594
1717849832        539        520      68660      36613
1717849842        551        530      69435      36959
1717849853        529        510      68211      36266
1717849863        605        586      70694      38140
1717849873        552        531      69703      36901
1717849883        572        552      70267      37935
1717849894        527        508      68775      36067
1717849904        551        532      69051      36916
1717849914        814       3447      83488    2866188
1717849925        566        548      69883      37857
1717849935        549        530      69643      37068
1717849945        547        529      68897      37089
1717849955        543        523      68640      36876
1717849965        587        567      68948      37154
1717849976        547        528      69480      37085
1717849986        538        520      69102      36453
1717849996        541        520      69795      36530
1717850006        571        550      71572      37813
1717850017        533        513      69495      36333
1717850027        569        548      71249      37644
1717850037        543        522      70737      36673
1717850047        573        552      71396      37852
1717850057        537        517      68556      36623
1717850068        577        557      68937      36699
1717850078        545        527      69869      37027
1717850088        547        527      69994      36784
1717850098        552        531      70870      37043
1717850109        531        509      69092      36016
1717850119        557        536      71118      37366
1717850129        543        522      70660      36569
1717850139        559        538      71113      37457
1717850149        534        514      69120      36205
1717850160        544        523      70192      36692
1717850170        607        586      71805      37884
1717850180        545        522      70926      36538
1717850190        558        535      71921      37034
1717850201        539        516      70242      36105
1717850211        672        657      81366      53941
1717850221        549        527      69755      36701
1717850231        557        535      70887      37225
1717850241        549        530      69896      37117
1717850252        539        518      70076      36599
1717850262        563        543      70448      37598
1717850272        585        563      70733      37159
1717850282        556        536      70011      37206
1717850293        532        510      69439      36174
1717850303        573        551      71581      37793
1717850313        537        513      70383      36167
1717850323        551        526      71049      36503
1717850333        545        524      68875      36820
1717850344        551        530      69420      36981
1717850354        541        521      68719      36779
1717850364        587        566      69776      37304
1717850374        553        533      68460      36817
1717850384        544        524      68866      36712
1717850395        549        526      69772      36988
1717850405        537        515      69206      36155
1717850415        541        520      70144      36530
1717850425        551        530      69940      36933
1717850436        551        533      70753      37240
1717850446        545        525      70559      36693
1717850456        527        505      70254      35860
1717850466        594        575      71738      37784
1717850476        552        532      70821      36699
1717850487        550        527      71355      36644
1717850497        551        530      71093      36903
1717850507        553        533      70532      36971
1717850517        541        520      69749      36638
1717850527        533        515      68771      36369
1717850538        559        543      70514      37670
1717850548        531        509      69455      36042
1717850558        569        550      70680      37870
1717850568        565        546      69908      36474
1717850579        605        583      74558      41761
1717850589        552        531      70912      37407
1717850599        544        524      69176      36802
1717850609        553        532      70349      37124
1717850619        536        517      68579      36221
1717850630        559        537      70332      37256
1717850640        547        527      69860      36594
1717850650        533        512      68147      36274
1717850660        550        530      69193      36882
1717850670        556        539      68183      36382
1717850681        595        574      70758      38530
1717850691        524        512      69152      43750
1717850701        549        532      66729      36522
1717850711        513        492      66815      35080
1717850721        533        513      66829      35815
1717850732        533        514      67749      36056
1717850742        538        519      67222      36204
1717850753        530        511      67561      35999
1717850763        670        652      78939      46936
1717850773        674        654      71392      43975
1717850783       2954        596    2561498      35564
1717850793        538        520      67512      36007
1717850804        508        490      65221      34568
1717850814        516        496      66277      34992
1717850824        528        510      66957      35344
1717850834        510        493      65984      34826
1717850844        530        514      67219      35788
1717850855        523        506      67383      35322
1717850865        523        504      67465      34988
1717850875        551        532      66813      34864
1717850885        550        531      68666      36230
1717850895        504        484      67299      34286
1717850906        530        509      68420      35120
1717850916        524        507      65970      35272
1717850926        514        494      65974      34741
1717850936        532        511      66911      35319
1717850947        502        480      65142      34107
1717850957        551        530      68000      36219
1717850967        502        482      65271      34255
1717850977        591        571      68161      36570
1717850987        491        481      64038      41138
1717850998        509        490      64526      34127
1717851008        506        488      64133      34196
1717851018        493        475      62838      33526
1717851028        743        723      77751      52011
1717851039     135263       6481  137552926     113214
1717851049     166684      13137  168899856    4984331
1717851059        469        451      58273      32094
1717851069       7173        784    6866422      37363
1717851079        573        554      66501      35447
1717851090        529        508      66954      35341
1717851100        499        483      62283      33429
1717851110        573        596      68954      79769
1717851120        539        522      65610      35628
1717851130        536        518      65252      36844
1717851141       1665       1432     385277     117288
1717851151        337        329      40312      22359
1717851161        348        337      40931      22588
1717851171        358        349      41361      22444
1717851181        358        348      41313      22209
1717851192        360        349      42195      23294
1717851202        354        346      41328      23250
1717851212        337        329      40982      22359
1717851222        354        342      41746      22720
1717851232        344        332      42041      22451
1717851242        342        334      41256      22414
1717851253        322        313      39306      21847
1717851263        361        353      41232      23399
1717851273        350        341      40317      22106
1717851283        384        374      41292      23608
1717851293        320        311      39775      21648
1717851304        333        323      40052      22245
1717851314        356        344      41011      22945
1717851324        336        325      40881      22202
1717851334        342        332      40350      22456
1717851344        364        353      43776      25136
1717851354     298788      15813  303929418    1705591
1717851365        321        311      36800      21738
1717851375       6934        651    6718610      26818
1717851385        348        338      37463      22502
1717851395        476        467      55002      34348
1717851405        340        332      40554      22581
1717851416        426        416      48193      28876
1717851426        331        324      40270      22373
1717851436        334        328      39172      22023
1717851446       1360       1129     350629      92865
1717851456        153        152      15730       9282
1717851467        162        160      16864       9806
1717851477        207        204      17166      10542
1717851487        151        149      15793       9082
1717851497        162        163      14500      10177
1717851507        146        146      14228       9468
1717851517        176        177      14861      10706
1717851527        159        159      14936      10291
1717851538        143        143      14094       9133
1717851548        166        167      14972      10411
1717851558        144        144      14053       9217
1717851568        144        144      13909       9511
1717851578        195        197      15400      10511
1717851588        135        136      13791       8725
1717851599        172        171      16213      10458
1717851609        134        138      14190       9162
1717851619        144        145      15187       9518
1717851629        156        156      15899       9871
1717851639        130        132      15190       8806
1717851649        173        173      17378      10441
1717851660        139        138      15403       9021
1717851670        188        189      17951      11144
1717851680        182        181      17054       9643
1717851690        175        175      15661      10162
1717851700        158        157      16102       9873
1717851711        146        146      14754       9308
1717851721        162        163      16276      10229
1717851731        154        153      15831       9448
1717851741        158        159      16719       9962
1717851751        160        161      15195       9978
1717851761        138        137      14912       9119
1717851772        176        177      16889      10706
1717851782        179        180      15518       9776
1717851792        171        170      15965      10055
1717851802        154        156      15608      10054
1717851812        144        145      15055       9250
1717851822        166        165      16876      10345
1717851832        159        158      16435       9663
1717851843        167        169      15667      10394
1717851853        146        144      14754       9134
1717851863        138        137      15160       9011
1717851873        190        191      17734      11127
1717851883        182        180      15470       9390
1717851893        176        176      15820      10440
1717851904        141        145      14160       9385
1717851914        168        167      15619      10276
1717851924        136        135      14615       8872
1717851934        138        140      14380       9465
1717851944        178        179      16467      11431
1717851954        139        139      15267       9310
1717851965        179        177      17131      10540
1717851975        158        155      17772      10051
1717851985        190        189      14504      10369
1717851995        160        159      16029      10072
1717852005        142        142      14438       9234
1717852015        166        165      16278      10393
1717852026        146        144      15230       9134
1717852036        204        200      19235      12463
1717852046        148        151      14515      11448
1717852056        158        156      16430       9840
1717852066        161        158      16544       9580
1717852076        128        127      12997       8664
1717852087        218        217      15774      10967
1717852097        126        125      13726       8525
1717852107        170        166      15768      10078
1717852117        138        134      14916       8782
1717852127        162        161      14530      10003
1717852137        122        122      12406       8484
1717852148        160        160      14459      10053
1717852158        126        125      13350       8525
1717852168        136        136      13145       8943
1717852178        154        154      14766       9940
1717852188        194        194      15064       9950
1717852199        144        143      15019       9344
1717852209        140        139      15065       9050
1717852219        154        155      15540       9973
1717852229        136        135      14669       8820
1717852240        126        128      14974       8672
1717852250        184        182      17648      10746
1717852260        140        137      16039       8798
1717852270        168        167      15849      10168
1717852280        135        134      14820       8744
1717852291        206        207      16360      10673
1717852301        146        145      15160       9215
1717852311        133        133      14268       8829
1717852321        174        175      15548      10663
1717852331        134        133      14354       8937
1717852341        177        179      16503      10828
1717852352        146        146      15706       9360
1717852362        162        162      14894      10144
1717852372        128        130      13833       8805
1717852382        172        174      16083      10603
1717852392        174        173      15252       9261
1717852402        138        139      14218       8977
1717852413        160        161      16057      10164
1717852423        140        138      15177       8883
1717852433        160        159      15761       9964
1717852443        143        144      14983       9001
1717852453        158        156      15614       9888
1717852463        144        144      14197       9217
1717852474        161        163      15813      10226
1717852484        149        147      14850       9067
1717852494        220        219      17777      11220
1717852504        124        127      13983       8406
1717852514        118        120      13661       8547
1717852524        179        180      16571      10855
1717852535        138        140      15302       9218
1717852545        154        155      15444       9861
1717852555        130        128      14708       8700
1717852565        307        308      26837      20542
1717852575        549        549      45523      38538
1717852585        212        211      18955      12613
1717852596        183        184      16220      10490
1717852606        126        127      14764       8591
1717852616        176        174      17295      10573
1717852626        144        143      16377       9176
1717852636        142        144      15423       9189
1717852646        163        161      17205      10020
1717852657        148        150      14684       9382
1717852667        163        163      16035      10086
1717852677        150        147      15406       9201
1717852687        191        191      16195      10258
1717852697        668        667      42545      35634
1717852707        190        188      18372      11626
1717852718        180        175      17573      10492
1717852728        138        137      13622       9145
1717852738        166        165      15088      10185
1717852748        128        127      13991       8616
1717852758        173        172      16352      10456
1717852769        128        127      13869       8638
1717852779        150        150      14778      10086
1717852789        185        185      15522      10179
1717852799        161        161      15131       9668
1717852809        164        162      16289      10161
1717852819        148        147      15687       9332
1717852830        167        166      16339      10295
1717852840        136        137      14857       8752
1717852850        162        161      15888      10081
1717852860        144        143      14997       8968
1717852870        138        137      15112      10173
1717852880        168        168      15513      10771
1717852891        164        165      14611       9046
1717852901        187        186      15525      10723
1717852911        132        131      14011       8690
1717852921        154        156      14676       9898
1717852931        142        140      14198       9046
1717852941        126        130      13439       8977
1717852952        164        165      15199      10134
1717852962        126        126      13140       8626
1717852972        162        164      15200      10232
1717852982        124        126      13995       8641
1717852992        204        203      16715      10640
1717853003        167        165      16087       9858
1717853013        128        128      14009       8429
1717853023        160        159      15377      10072
1717853033        138        138      14382       8878
1717853043        230        232      19042      13824
1717853053        610        609      39910      33529
1717853064        266        267      21458      16119
1717853074        135        138      14159       8941
1717853084        241        240      23650      17224
1717853094        181        180      15717       9351
1717853104        137        140      14268       8822
1717853114        170        169      16566      10367
1717853125        242        242      21458      14638
1717853135        474        475      33784      26155
1717853145        152        151      16201       9686
1717853155        168        167      16293      10324
1717853165        138        139      15554       9211
1717853175        141        143      14856       9159
1717853186        158        156      16234       9862
1717853196        181        181      15311       9614
1717853206        517        517      34876      28141
1717853216        407        405      29681      22652
1717853226        166        166      15374      10318
1717853236        148        150      14840       9696
1717853247        160        159      14887       9912
1717853257        130        131      13996       8773
1717853267        140        141      15001       9116
1717853277        162        160      15454      10156
1717853287        137        138      14280       8836
1717853298        441        441      28673      23012
1717853308        147        147      14545       9216
1717853318        155        156      15775       9815
1717853328        136        135      14087       8820
1717853338        126        126      13470       8692
1717853348        158        158      15114       9870
1717853359        124        124      14269       8601
1717853369        166        165      16424      10233
1717853379        130        129      15220       8641
1717853389        203        202      18204      12090
1717853399        470        469      31391      24312
1717853409        127        126      15157       8363
1717853420        223        223      19887      13314
1717853430        144        145      14979       9324
1717853440        264        264      21927      15427
1717853450        362        361      27472      20447
1717853460        178        177      17948      10697
1717853470        135        134      14955       8571
1717853481        135        134      14735       8779
1717853491        185        185      17396      10953
1717853501        182        180      16124       9262
1717853511        178        175      17664      10341
1717853522        144        145      14167       9458
1717853532        156        155      14859       9730
