1717837436       3914       3913     379532     284049
1717837446      25184      26196    2161652    4083123
1717837456      36599      37838    3175164    4050789
1717837467      11264      11238    1035934     965096
1717837477       4685      68249     196500   67661352
1717837487       2849       2831     298777     226190
1717837497      31082     368409    1713033  359705941
1717837507       9475     124298     464863  122337866
1717837518       1757       1883     447463     548441
1717837528       1024        980     131729      69445
1717837538       1310       1274     145222      90040
1717837549       6399       2570    4284213     176326
1717837559       1071       1027     133923      71419
1717837569       1185       1142     147260      82372
1717837580       1679       1627     196019     116867
1717837591       1085       1035     139514      71949
1717837601       1859       1815     208570     131375
1717837611       1051       1008     131556      70134
1717837622        988        944     129977      67469
1717837634       2083       2029     230974     145014
1717837644       2262       3164     219654    1147461
1717837655      11071      10342    1719518     843282
1717837665      24498      20325    6309263    1696080
1717837676      15956       7994    9140527     635044
1717837686       3709       1733    2232433     121482
1717837696       2322       1249    1251248      86192
1717837708       1257       1201     159061      84607
1717837719       1173       1111     161271      79987
1717837729       1289       1216     181583      84675
1717837739       1171       1118     151831      78647
1717837750       1155       1103     151486      78685
1717837760       1224       1166     161379      81472
1717837770       1181       1121     162656      79964
1717837781       1205       1153     154055      80987
1717837791       1126       1074     150689      77778
1717837801       1166       1113     153313      79353
1717837812       1212       1156     159008      81385
1717837822       1172       1121     152686      79744
1717837832       1187       1137     153428      80380
1717837842       1194       1141     154368      79388
1717837853       1237       1183     159619      81998
1717837863      22336       2535   21289946     132072
1717837873      77280       6098   76249777     254986
1717837884      57444       6014   55228584     302032
1717837894       3533       3482     362556     259869
1717837904       6324       2619    4171014     175840
1717837914       2572       1235    1533350      86190
1717837925       1018        973     137533      68172
1717837935       1034        991     135807      69016
1717837945       1028        987     133239      67652
1717837956       1044       1002     135239      69120
1717837966       2275       1012    1437064      69748
1717837976       1046       1005     134221      69241
1717837987        957        916     129058      65293
1717837997       1046       1004     132855      69204
1717838007        953        911     128784      65104
1717838017        957        913     129526      65298
1717838028       1047       1005     131891      69025
1717838038        955        913     128437      65329
1717838048       1084       1045     131151      69467
1717838059        945        904     127128      65175
1717838069       1029        989     126890      68070
1717838079        933        893     127272      64502
1717838089       2784       2378     643419     177591
1717838100       5551       3656    2356710     277434
1717838110       6334       3205    3612303     230317
1717838120       3725       1499    2502509      99863
1717838131        885        846     115507      60578
1717838141       1316        976     448489      66221
1717838151        939        899     116610      61606
1717838161        900        861     117157      62162
1717838172       1516       1475     159269     102964
1717838182        944        901     124791      64228
1717838192        960        921     118912      63714
1717838203       1484       1175     436140      88139
1717838213      26401      24326    4494408    2055432
1717838223       8177       8135     807878     685916
1717838234        939        898     122845      64324
1717838244       1056       1011     134003      68501
1717838254       1339       1120     327091      76853
1717838264       1257       1218     142075      87083
1717838275        922        883     118206      63041
1717838285        930        891     120948      62971
1717838295        948        904     128929      63911
1717838306        918        879     117044      61975
1717838316        939        899     119158      63885
1717838326       8474       8432     832923     707447
1717838336        965        923     125844      65044
1717838347       8479       8441     827670     705216
1717838357       8578       8433     944863     706367
1717838367        965        924     125310      64514
1717838377       8564       8439     919566     706708
1717838388       1235       1105     235496      78385
1717838398        917        877     121431      62135
1717838408       2122       1258    1029042      85446
1717838419       1046       1008     130960      73154
1717838429        899        860     116332      61241
1717838447       2197       1263    1106963      83094
1717838458        878        839     114883      60033
1717838468       1043        882     250677      62027
1717838479        917        876     123008      62278
1717838489        911        871     120915      61982
1717838499        893        856     116264      61194
1717838510        887        850     117655      60929
1717838520        911        872     119223      61977
1717838530        911        870     121849      62001
1717838540        879        844     115544      60728
1717838551        958        919     120539      62651
1717838561        904        862     118416      61094
1717838571        943        904     123011      63229
1717838581        885        846     117993      60660
1717838592        919        878     119980      62037
1717838603        907        866     122032      61603
1717838613        895        858     117173      61237
1717838624        895        856     116978      61275
1717838635        893        855     116607      61083
1717838645        924        882     122842      62343
1717838658        959        919     120075      62294
1717838669        896        857     117161      61307
1717838679        907        870     119737      62063
1717838689        893        852     118389      60984
1717838699        917        876     119643      61890
1717838710        879        843     115588      60616
1717838720        925        885     122321      62675
1717838731        887        848     116894      60967
1717838742        915        876     118232      62081
1717838752        920        881     116324      61130
1717838762        921        880     123897      62145
1717838773        903        864     118560      61695
1717838783        891        852     115832      60877
1717838793        915        872     123268      61957
1717838803        925        883     120977      62359
1717838814        909        869     118237      62155
1717838824        893        853     116989      60883
1717838834        935        893     124726      63008
1717838844        893        856     117712      61333
1717838855        917        878     115623      60636
1717838865        915        876     117686      62073
1717838875        918        876     123660      62195
1717838886        911        871     118460      61758
1717838896        867        828     115794      60001
1717838906        921        881     118581      62157
1717838916        913        870     123441      61914
1717838927        889        849     117833      60757
1717838937        903        862     117750      61491
1717838947        891        852     116550      60933
1717838958        987        943     125660      63620
1717838968        881        842     116111      60638
1717838978        885        845     116423      60519
1717838988        931        887     124824      62648
1717838999        891        852     117512      60989
1717839009        897        858     116467      61362
1717839019        887        848     116896      60643
1717839030        917        873     124335      62019
1717839040        911        874     117742      61801
1717839050        892        854     115853      60916
1717839060        950        912     117963      62340
1717839071        922        881     125311      63225
1717839081        922        885     117815      62961
1717839091        913        876     118926      63375
1717839102        893        855     116373      61057
1717839112        927        887     123272      62874
1717839122        888        851     118213      60935
1717839132        905        865     118293      61645
1717839143        883        848     115481      60776
1717839153        955        916     123927      63966
1717839163        934        893     119729      62307
1717839174        879        842     115518      60557
1717839184        937        897     123935      63061
1717839194        879        839     117100      60462
1717839204        911        874     117440      61957
1717839215        875        838     115320      60375
1717839225        908        867     123395      61613
1717839235        907        869     118768      61966
1717839246        887        850     115634      60761
1717839256        938        900     117913      62038
1717839266        944        902     124527      65092
1717839276        916        880     120867      64094
1717839287        883        843     115436      60488
1717839297        875        836     116234      60365
1717839307        927        887     123028      62814
1717839318        892        851     119227      60899
1717839328        907        867     117690      61494
1717839338        873        834     115221      60218
1717839349        945        902     126641      63404
1717839359        915        876     116522      60869
1717839369        913        874     116637      61680
1717839379        877        837     118037      60427
1717839390        913        870     122841      61754
1717839400        901        861     117535      61589
1717839410        881        842     115337      60422
1717839421        907        865     121628      61622
1717839431        923        881     121798      62228
1717839441        889        852     116132      61191
1717839451        881        842     115929      60552
1717839462        951        909     120420      61958
1717839472        913        874     119779      62214
1717839482        873        834     115313      60292
1717839492        893        854     118305      61344
1717839503        903        862     119890      61283
1717839513        883        844     118916      60979
1717839523        893        853     116909      60857
1717839534        893        853     117821      61081
1717839544        924        883     123909      62497
1717839554        884        845     116126      60740
1717839564        956        915     119405      62163
1717839575        875        834     118146      60195
1717839585        907        866     121522      61659
1717839595        897        857     118123      61281
1717839606        889        850     116255      60842
1717839616        905        866     119535      61782
1717839626        905        865     120723      61701
1717839637        895        859     117768      61412
1717839647        883        845     116242      60602
1717839657        929        888     120002      61875
1717839667        935        898     121819      62414
1717839678        881        841     117663      60445
1717839688        901        862     116401      61380
1717839698        895        857     118592      61312
1717839709        926        885     122874      62260
1717839719        883        843     117308      60692
1717839729        881        845     115989      60577
1717839739        923        884     123977      62688
1717839750        895        856     117150      61171
1717839760        918        881     116384      61208
1717839770        908        870     118688      61379
1717839780        901        860     121711      61330
1717839791        899        860     117744      61353
1717839801        889        851     117063      60975
1717839811        917        878     120637      62060
1717839822        907        865     121335      61734
1717839832        895        857     116104      61140
1717839842        879        843     116048      60646
1717839852        915        874     119751      61855
1717839863        934        893     121984      61817
1717839873        908        872     117102      61496
1717839883        879        840     115593      60539
1717839894        907        868     119617      61769
1717839904        909        874     120128      62372
1717839914        877        837     116293      60155
1717839924        881        843     115691      60663
1717839935        933        891     125324      62973
1717839945        883        844     116373      60729
1717839956        889        850     115807      60834
1717839966        937        897     119418      61677
1717839976        928        887     122703      62575
1717839986        873        834     115276      60218
1717839997        907        867     118413      61576
1717840007        886        844     118474      60776
1717840017        907        865     123105      61734
1717840027        893        854     116006      61016
1717840038        897        858     118922      61467
1717840048        907        867     118445      61542
1717840058        895        855     120982      61404
1717840069        933        894     116990      61308
1717840079        891        852     117107      61149
1717840089        911        870     119483      61665
1717840100        911        871     121812      61951
1717840110        885        845     118110      60631
1717840120        887        846     118639      60667
1717840130        923        880     121700      62239
1717840141        893        852     118417      61006
1717840151        899        859     117393      61204
1717840161        880        841     115700      60345
1717840172        987        943     126078      63613
1717840182        869        830     116132      60196
1717840192        887        848     115635      60695
1717840202        889        850     116736      61002
1717840213        919        878     123385      62373
1717840223        883        845     116615      60810
1717840233        879        842     116167      60453
1717840244        899        862     116509      61467
1717840255        901        860     123758      61484
1717840266        949        911     118787      62440
1717840276        884        847     114934      60267
1717840287        927        884     125351      62671
1717840297        905        868     116580      61580
1717840307        865        828     115144      59976
1717840317        905        866     117414      61626
1717840328        903        864     123135      61815
1717840338        883        848     116130      60880
1717840348        879        840     115519      60491
1717840359        901        863     118698      61425
1717840369        958        918     124140      62608
1717840379        888        848     116370      60566
1717840390        897        858     118204      61206
1717840400        885        848     115976      60726
1717840410        935        894     126639      62903
1717840420        871        832     114843      59967
1717840431        889        849     119208      60847
1717840441        929        890     124068      62778
1717840451        877        838     115494      60448
1717840462        907        868     118945      61713
1717840472        915        879     115525      60644
1717840482        957        912     130879      63597
1717840492        936        893     127590      63149
1717840503        953        914     127564      63990
1717840513        929        886     126316      63042
1717840523        937        895     127457      63271
1717840534        939        901     125459      63702
1717840544        934        893     126875      63184
1717840554        923        882     127157      62857
1717840564        902        865     116324      61409
1717840575        908        870     115306      60342
1717840585        908        870     117514      61644
1717840595        918        876     125865      62091
1717840606        875        838     115394      60423
1717840616        891        852     115907      60925
1717840626        881        843     117346      60667
1717840636        945        906     125515      63537
1717840647        867        828     114925      59945
1717840657        881        844     115412      60536
1717840667        931        893     120272      62229
1717840678        935        894     122034      62230
1717840688        875        838     115321      60375
1717840698        893        854     118942      61084
1717840708        919        880     122071      62665
1717840719        883        846     115437      60579
1717840729        895        856     117951      61223
1717840739        893        854     117532      60972
1717840750        903        863     121649      61618
1717840760        895        856     116031      61059
1717840770        923        884     119590      61450
1717840780        906        867     115938      61147
1717840791        893        852     121102      61238
1717840801        959        916     129271      63847
1717840811        892        852     121969      61623
1717840822        923        883     125391      62916
1717840832        911        874     122115      62565
1717840842        915        876     124006      62723
1717840852        923        886     125759      63287
1717840863        931        894     127149      63539
1717840873        918        880     116226      61072
1717840883        886        848     115033      60325
1717840894        905        867     118114      61655
1717840904        931        888     126503      62633
1717840914        891        853     116187      61118
1717840924        871        834     114917      60081
1717840935        907        865     120771      61640
1717840945        945        904     124453      63299
1717840955        865        828     114900      59968
1717840966        899        861     116229      61274
1717840976        937        898     119978      61718
1717840986        911        872     120839      61955
1717840996        877        839     115420      60433
1717841007        897        860     116204      61264
1717841017        902        863     121001      61506
1717841027        902        863     119457      61692
1717841038        889        851     116088      61027
1717841048        903        861     121841      61112
1717841058        901        862     120256      61720
1717841068        903        865     116501      61504
1717841079        931        894     118201      61555
1717841089        913        873     119760      61741
1717841099        893        854     119974      61512
1717841110        901        866     116328      61464
1717841120        893        852     119438      60962
1717841130        881        843     117206      60611
1717841140        919        880     121671      62379
1717841151        875        835     117523      60172
1717841161        915        876     119097      61913
1717841171        892        853     117271      60831
1717841181        951        911     122588      62310
1717841192        893        856     118025      61362
1717841202        895        856     117120      61007
1717841212        895        856     117558      61101
1717841223        905        865     122251      61597
1717841233        903        864     118603      61635
1717841243       1007        972     127619      71608
1717841253        910        866     124004      61731
1717841264        913        873     118473      61897
1717841274        914        875     116878      61016
1717841284        910        870     117211      61300
1717841295        901        859     121409      61453
1717841305        929        889     120137      63401
1717841315        924        880     127948      62656
1717841325        875        836     115042      60149
1717841336        953        910     127039      64478
1717841346       1057       1016     146129      72256
1717841356       4481       1213    3588032      77714
1717841367       5516       1108    4793926      66300
1717841377       1068       1330     133237     391063
1717841387        920        879     121353      62109
1717841397        925        886     126964      63294
1717841408        948        909     125438      64099
1717841418        915        875     122268      62440
1717841428        949        907     126530      63765
1717841439        871        835     115257      60226
1717841449        905        867     116680      61595
1717841459       9083       1367    8333908      77226
1717841469        973       1209     121912     352758
1717841480        928        890     116760      61585
1717841490        902        865     116720      61142
1717841500        946        905     128426      63830
1717841511       9120       1371    8364621      76930
1717841521       1024       1241     132338     339491
1717841531        935        894     122973      63129
1717841541        913        876     124073      62683
1717841552        961        921     128589      64433
1717841562        921        880     123620      62728
1717841572        943        904     127255      63811
1717841583        931        894     116369      61339
1717841593        897        858     116408      61310
1717841603        889        852     116250      60956
1717841613        923        882     125278      62555
1717841624        967        926     128201      65352
1717841634        909        871     122636      62285
1717841644        887        850     115633      60761
1717841655        941        897     127906      63257
1717841665        949        909     126376      64051
1717841675        899        860     123305      61827
1717841685        981        939     128554      63697
1717841696        947        903     128583      63608
1717841706        909        872     126572      62386
1717841717        918        879     122527      62566
1717841727        962        919     129090      64937
1717841737        940        899     128335      63692
1717841748       9265       1367    8518035      77332
1717841758        992       1241     128954     372857
1717841768       1179       1143     141380      81400
1717841779       1310       1271     150989      89304
1717841789        957        917     124515      63591
1717841800        950        910     128127      63919
1717841810        963        923     127095      64524
1717841820        885        848     115866      60830
1717841831        931        892     118698      63376
1717841841        889        853     116999      61124
1717841851        927        884     123743      62589
1717841861        901        862     117758      61604
1717841872        877        838     115136      60240
1717841882        938        898     118752      61920
1717841892        932        892     122856      62692
1717841903        867        828     114921      59945
1717841913        905        866     116522      61514
1717841923        919        878     122404      62932
1717841934        947        905     127445      63674
1717841944        879        840     115515      60491
1717841954        917        873     125031      61802
1717841964        931        892     118978      63536
1717841975        928        886     124348      62602
1717841985        983        941     124424      64019
1717841995        897        857     120221      61236
1717842006        948        907     124679      64540
1717842016        927        887     123423      62848
1717842026        901        860     123190      61580
1717842036        957        919     126265      64010
1717842047        909        868     123060      61940
1717842057        933        891     125362      62869
1717842067        906        868     123011      61889
1717842078        948        905     125910      63207
1717842088        975        931     124481      63074
1717842098        903        864     120227      61655
1717842108        934        895     121800      63243
1717842119        925        880     123864      62384
1717842129        907        869     118989      62018
1717842139        935        898     122498      63364
1717842150        885        845     118518      61205
1717842160        951        914     122791      64177
1717842170        895        857     120733      61648
1717842180        948        910     122133      63947
1717842191        972        930     121959      64085
1717842201        907        869     121643      62194
1717842211        919        880     120921      62461
1717842222        925        885     121896      62835
1717842232        907        868     120285      61899
1717842242        889        852     120002      61306
1717842253        945        905     123178      63643
1717842263        897        858     120342      61604
1717842273        929        893     121440      63705
1717842284        921        882     120649      61979
1717842294        945        907     121947      63010
1717842304        907        870     121415      62043
1717842314        905        863     121546      61627
1717842325        935        896     122841      63333
1717842335        901        863     121328      61685
1717842345        907        869     121489      62200
1717842356        915        875     121981      62278
1717842366        915        878     121819      62597
1717842376        912        875     121740      62205
1717842387        933        892     122082      61880
1717842397        958        918     123989      63639
1717842407        887        847     121801      60922
1717842417        951        911     123602      64155
1717842428        919        879     122539      63784
1717842438        915        879     121365      63303
1717842448        927        885     122467      62654
1717842459        917        877     121276      62239
1717842469        901        862     121216      61678
1717842479        919        878     122357      62319
1717842489        944        905     121139      62542
1717842500        920        880     120640      61992
1717842510        889        852     119522      61306
1717842520        929        889     121752      62915
1717842531        905        864     121070      61794
1717842541        927        886     121311      62617
1717842551        893        853     119488      61389
1717842561        911        871     119681      62182
1717842572        897        858     119724      61712
1717842582        896        857     119736      61393
1717842592        965        925     122144      63129
1717842603        909        870     120378      62098
1717842613        909        870     121242      62358
1717842623        901        863     120964      61815
1717842634        911        874     121963      62307
1717842644        913        873     122238      62121
1717842654        911        873     122103      62430
1717842665        921        884     122770      62758
1717842675        879        842     121108      60768
1717842685        952        909     124605      63590
1717842695        950        910     122693      62313
1717842706        915        875     122711      62014
1717842716        916        875     122510      62199
1717842726        916        878     121144      62454
1717842737        901        864     120505      61715
1717842747        901        860     120320      61728
1717842757        931        893     121981      63024
1717842768        888        850     120703      61557
1717842778        917        876     122118      62228
1717842788        923        885     121424      62043
1717842798        925        886     121627      62007
1717842809        921        882     122795      62505
1717842819        913        873     122410      61863
1717842829        934        891     123925      62696
1717842840        917        876     121620      62120
1717842850        905        865     121688      61719
1717842860        909        868     121184      61842
1717842871        920        882     121483      62585
1717842881        909        870     119398      62146
1717842891        912        873     118992      61163
1717842901        942        906     121154      63226
1717842912        899        857     120243      61562
1717842922        927        888     120857      62809
1717842932        885        846     118642      61148
1717842943        913        874     120200      62280
1717842953        897        858     120218      61760
1717842963        899        859     120337      61550
1717842974        928        889     121452      63027
1717842984        893        852     119774      61136
1717842994        978        937     123892      64713
1717843005        912        870     120844      61454
1717843015        909        868     121112      61976
1717843025        913        874     119810      62328
1717843035        877        838     118766      60850
1717843046        935        898     121780      63478
1717843056        885        845     119844      61025
1717843066        923        884     121027      62735
1717843077        875        836     119383      60711
1717843087        925        885     121956      62733
1717843097        949        908     121878      62212
1717843108        887        846     120757      60815
1717843118        915        876     121135      62513
1717843128        900        861     120528      61641
1717843138        909        869     121666      62165
1717843149        915        874     121987      62137
1717843159        907        868     120579      62215
1717843169        903        864     120483      61825
1717843180        885        846     120400      61214
1717843190        924        884     122242      62592
1717843200        954        913     122461      62344
1717843210        923        882     122033      62501
1717843221        915        888     122373      62811
1717843231        911        871     122275      61966
1717843241        905        864     122632      61734
1717843252        929        886     124202      62764
1717843262        894        857     119921      61386
1717843272        888        849     120344      61215
1717843283        952        911     123318      63617
1717843293        899        858     120956      61078
1717843303        966        925     122534      62965
1717843313        895        857     118608      61702
1717843324        921        884     119993      62692
1717843334        907       1013     119884      66844
1717843344        891        854     119387      61416
1717843355        913        876     120217      62506
1717843365        907        869     120172      62088
1717843375        898        860     120348      61743
1717843385        909        871     121025      62071
1717843396        940        902     121213      62530
1717843406        916        878     120698      62037
1717843416       1263       1415     221866     355013
1717843427        928        889     122573      62749
1717843437        944        903     126182      64370
1717843447       1467       1541     310381     357085
1717843457        901        862     121244      61694
1717843468        897        859     121859      61631
1717843478       1199       1432     145373     369478
1717843488       1006        893     202718      63115
1717843499        967        926     124454      63339
1717843509        925        883     123203      62109
1717843519        933        889     124951      62881
1717843529        926        885     123183      62653
1717843540        885        845     120941      61071
1717843550        941        900     124256      63508
1717843560       1489       1566     318422     372461
1717843571        947        904     125293      63443
1717843581       1752       1246     648343      89288
1717843591        931        887     123350      62384
1717843602        970        926     124459      63110
1717843612       1069       1027     133952      72623
1717843622       1179        902     373207      63950
1717843632       1178       1439     143109     403473
1717843643       1019        903     205030      63732
1717843653        907        867     121010      61968
1717843663        953        913     123596      65250
1717843674       1501       1602     320854     405114
1717843684       1136       1096     140481      79105
1717843694       1883       1266     769425      90404
1717843705        957        917     120553      62707
1717843715       1336       1295     158545      94587
1717843725       1529       1081     571645      76412
1717843735        939        900     121809      63905
1717843746        914        874     122090      62241
1717843756        906        865     120076      61542
1717843766        906        868     119698      62047
1717843776       1324       1265     181032      96941
1717843787       5598       5390     721280     398499
1717843797       7051       2334    5212025     157423
1717843807       3147       1092    2277949      68932
1717843818        905        865     120230      62612
1717843828       1972       1474     663258     107241
1717843838       1011        974     127270      69310
1717843849       1009        973     128996      70605
1717843859       2623       1232    1588273      83922
1717843869       2633       1797    1331627     410476
1717843880       1368        986     491686      70119
1717843890       3076       1933    1353900     146107
1717843900       6238       5391    1690113     701934
1717843910      10148       4434    6702457     599833
1717843921       5327       1967    3790974     134531
1717843931       2492       1421    1285673      98906
1717843941       2857       1768    1321085     126510
1717843952       3890       1560    2619356     106285
1717843962       1088       1046     136068      74902
1717843972        934        894     123101      64257
1717843983        965        923     126556      65697
1717843993       2422       1283    1329884      88574
1717844003       6354       4780    2104475     352438
1717844014       6039       2964    3531000     206758
1717844024       6018       2406    4061678     170724
1717844034       5032       1413    3978247      90036
1717844044       5779       3843    3280557     580921
1717844055       1004        966     130588      68645
1717844065        976        933     129482      67366
1717844075       6417       2371    4554807     158413
1717844086       1426       1384     167763     100071
1717844096       2601       1305    1497075      89874
1717844106       3155       1466    1927980      98351
1717844116       1521       1067     581304      75324
1717844127       2320       1228    1274762      84823
1717844137        983        943     128421      67304
1717844147       2867       1605    1489340     112649
1717844158       3913       1485    2721406      99888
1717844168       3981       1701    2584920     118227
1717844178       3623       2178    1731904     156450
1717844189       5049       1432    3976061      93429
1717844199       5354       2747    3379474     555930
1717844209       1241       1199     150000      84793
1717844219       1347       1039     419609      72340
1717844230        982        940     129193      67506
1717844240       5161       2305    3258723     166433
1717844250       5547       5458     590121     404669
1717844261       9902       2337    8253391     148492
1717844271       4610       2232    2733377     158848
1717844281       2619       1101    1713829      73719
1717844292       1022        975     134611      70158
1717844302       3883       1536    2637071     103234
1717844312       4354       1733    2943223     116051
1717844323       2903       1524    1606689     106582
1717844333       2811       1419    1609177      98289
1717844343       5785       2070    4142364     141514
1717844353       6506       2210    4768503     149105
1717844364       6354       2173    4641596     149482
1717844374       2417       1316    1286956      90737
1717844384       3292       2219    1688612     508551
1717844395       3358       1884    1739110     135412
1717844405       1324       1277     162873      92214
1717844415       5223       2333    3282531     163307
1717844426       2629       1364    1467774      94444
1717844436       1010        967     133737      69558
1717844446       1141       1096     145407      79436
1717844456       4037       1543    2793428     103620
1717844467       1155       1113     146449      80179
1717844477       1025        981     133938      70054
1717844488       2593       1264    1526823      86658
1717844498       1063       1018     136802      72466
1717844508       2798       1278    1732723      85757
1717844519       1038        993     134028      70255
1717844529       4307       1484    3141425      99555
1717844539       2480       1282    1393826      88933
1717844550       3404       1650    2012639     115856
1717844560       2456       1153    1492078      78767
1717844570       1166       1122     147483      81002
1717844581       4429       3096    2901437    1424153
1717844591       4075       2506    2120015     406718
1717844601       6963       2485    4985255     169563
1717844611       3390       1663    1984230     114514
1717844622       1050       1005     135071      71021
1717844632        997        954     132886      68973
1717844642       1047       1004     136158      71036
1717844653       1048        999     143770      71185
1717844663       3045       1531    1782735     104903
1717844673       1221       1179     150879      84305
1717844684       4027       1332    2989473      88124
1717844694       2916       1421    1720048      98815
1717844704       4034       1373    2959958      90302
1717844714       2953       1555    1627557     107219
1717844725       4477       1517    3284989     100956
1717844735       1036        993     135893      71067
1717844745       3242       1569    1926988     108393
1717844756       1024        978     135298      70422
1717844766       1637       1315     460718      93054
1717844776       2317       1221    1278755      84624
1717844787       5045       3856    2894815    1580100
1717844797       1892       1571     483079     112925
1717844807       1739       1680     452372     360206
1717844818       1077       1030     135941      71324
1717844828       1022        978     134332      70071
1717844839       3163       1719    1698508     122052
1717844849       3445       1861    1850063     130027
1717844859       1011        966     133525      69544
1717844869       1023        978     133839      69930
1717844880       1005        959     134108      69186
1717844890       1058       1008     143114      71499
1717844900       4040       1517    2822538     102540
1717844911       1092       1046     138231      73235
1717844921       1036        991     133846      70109
1717844931       1015        970     133724      69726
1717844942       2570       1297    1471864      88972
1717844952       1005        960     133229      69271
1717844962       1005        960     132949      69111
1717844973       1038        993     135817      70733
1717844983       1062       1011     145750      71514
1717844993       2586       1492    1303310     106361
1717845004       3240       1572    1918357     109977
1717845014       3497       2168    1611542     154018
1717845024       2007       1962     225164     145676
1717845035       3335       1762    1835311     127170
1717845045       4574       2995    1949316     221498
1717845055       4433       4635    1555385    1711111
1717845065       1421       1379     168956     101078
1717845076       5712       4714    1484398     346784
1717845086       1142       1098     143417      78852
1717845096        998        956     130635      68400
1717845107       1134        996     235233      70092
1717845117       1068       1022     136706      69989
1717845127        984        942     129608      67603
1717845137       3148       2971    1643696    1418270
1717845148       4074       2583    2167920     535942
1717845158       1362       3811     153258    2731107
1717845168       1789       3405     193879    1874088
1717845179       3595       1563    2303598     107462
1717845189       1511       1470     175839     106600
1717845199        951        909     126542      65776
1717845209        993        950     129944      67498
1717845220       1542       1211     458782      82010
1717845230       2977       1651    1566184     117835
1717845240        977        937     128243      67377
1717845251       1075       1032     136136      75039
1717845261       5746       6284    2559639    3039764
1717845271       4836       3295    3303860    1617130
1717845282       1543       1500     178999     109283
1717845292       7019       5998    3072643    1910093
1717845302       1052       2165     128581    1290843
1717845312       1168       1127     142803      81045
1717845323       3275       2587     961992     191042
1717845333       3518       3479     351262     253613
1717845343        915        875     121914      63399
1717845354       2560       1206    1549724      81514
1717845364       1606       3023     171582    1653026
1717845374       3540       5240    1567129    3330653
1717845384       6324       8526     596846    2832811
1717845395       2025       1984     222857     144709
1717845405       2196       2156     236866     157333
1717845415       4153       4370    1853153    2024020
1717845426       2172       2368     234607     402871
1717845436       2693       9571     253497    7491323
1717845446       1971       2170     236428     399513
1717845456       1869       2150     207167     470941
1717845467       1997       2115     292394     380068
1717845477       1957       2023     329639     363753
1717845487       3014       2272    1067404     230976
1717845498       2058       2103     222153     228913
1717845508       4057       4516    1724876    2143822
1717845518       2526       3632     259001    1378826
1717845528       2594       3738     264723    1425937
1717845539       3038       2413    1042021     330126
1717845549       2010       2129     217344     301031
1717845559       2092       2188     226024     287514
1717845570       4710       3874    1258034     296352
1717845580       3988       3955     395012     293904
1717845590       4857       6704     464404    2331651
1717845600       6997       3872    4241227     845381
1717845611       3648       1738    2192794     121058
1717845621       2432       2642     257050     436674
1717845631       1722       1682     196665     125672
1717845642       4208       3393    2499851    1582570
1717845652       2175       2276     237350     307924
1717845662       6359       2984    3864437     213184
1717845673       4303       4736    1515013    1924555
1717845683       1416       3042     156898    1858767
1717845693       2244       2211     235839     168078
1717845703       3549       3986    1285843    1696857
1717845714       2852       2953    1404127    1479427
1717845724       1114       1078     133255      75788
1717845734       5247       3210    2462959     238424
1717845744      10247      10778    1609414    2012677
1717845755       1710       1928     189277     390675
1717845765       3962       4896     958110    1877919
1717845775       4250       3240    1619759     490223
1717845786       1748       1711     193802     124779
1717845796       4226       3626     968844     268322
1717845806       4820       6019     461859    1659658
1717845816       2237       1791     640259     126516
1717845827       1719       1722     187327     164157
1717845837       1637       1597     184304     116972
1717845847       1694       1725     216678     219765
1717845858       2532       1977     860159     235785
1717845868       1887       1858     205787     146716
1717845878       2528       2071     668950     148486
1717845888       1764       1738     195062     140593
1717845899       3891       5309    1209622    2660884
1717845909       2400       4385     243270    2311522
1717845919       1737       1713     191188     137901
1717845930       1810       1768     199352     128168
1717845940       2391       2279     330896     170309
1717845950       2517       2428     310479     177343
1717845960       6874       5696    1760472     410830
1717845971       5101       6486     489602    1871567
1717845981       4903       3248    2813019     984245
1717845991       1222       1186     145643      85974
1717846002       1854       2082     202411     410103
1717846012        886        849     114452      60396
1717846022       1039        923     204601      62777
1717846032        998        878     203119      61327
1717846043        878        844     114381      60422
1717846053       1641       1605     183977     116921
1717846063       6169       6130     594777     453278
1717846074       1246       1492     147759     384329
1717846084       2223       2091     330529     152540
1717846094       1251        996     356500      68245
1717846104       2526       2771     267100     479504
1717846115       2503       2467     265430     179180
1717846125       1679       1921     184427     418963
1717846135       1874       3083     212406    1467343
1717846146       1779       1636     300162     118683
1717846156       1661       1616     190426     117924
1717846166       2392       2341     265321     170767
1717846176       2713       2248     953710     424541
1717846187       1614       1574     182850     116156
1717846197       1632       1592     182980     116425
1717846207       2707       1882    1040929     132797
1717846218       1865       1826     203195     133577
1717846228       1664       1624     183015     116457
1717846238       2976       5466     316819    2909744
1717846248       2852       1852    1226435     129788
1717846259       1888       1848     205698     135870
1717846269       1704       1667     190745     122790
1717846279       1859       1765     254786     127331
1717846290       1913       1819     261473     132475
1717846300       6073       5040    1549058     364448
1717846310       2585       2553     266001     191385
1717846320       7897       9350    2476240    3865163
1717846331       2248       1058    1345774      68104
1717846341       1230       1196     146576      86867
1717846351       2323       4796     234868    2814045
1717846362        878        840     114056      59999
1717846372        989        869     207269      61530
1717846382       1015        890     214256      62445
1717846392       1861       4141     194661    2583915
1717846403        892        856     119105      60627
1717846413       1591       1556     178789     113165
1717846423        901        861     118913      60520
1717846434        906        871     113197      59876
1717846444        994        855     229560      60330
1717846454        879        842     113255      59918
1717846464        921        885     117336      63331
1717846475       1859       1838     201517     145187
1717846485       5935       8647     560803    3340022
1717846495       1295       1531     151010     377956
1717846506       2233       2089     345716     151958
1717846516       2010       1757     425488     125941
1717846526       2218       2453     237814     444803
1717846536       2722       2684     283088     195027
1717846547       1160       1425     140417     400357
1717846557       2232       2079     348073     150058
1717846567       1830       1847     208138     189705
1717846578       1957       2032     319468     365945
1717846588       1520       1374     278112      99541
1717846598       2669       1877    1003291     132105
1717846608       1652       1613     183390     118409
1717846619       1703       1664     188661     121759
1717846629       2050       1947     298336     155962
1717846639       2089       1746     518505     124409
1717846649       2359       3482     305720    1463464
1717846660       3448       3670    1269142    1467561
1717846670       1802       1763     198795     130177
1717846680       1747       1709     191562     125744
1717846691       5307       3730    2777691    1043847
1717846701       3996       7364     378840    3888409
1717846711       8203       8773    2559977    3092915
1717846722       3811       3763     365680     282888
1717846733       6032       8351     559714    2901389
1717846743      18113       4641   15376849     968495
1717846754       1972       4483     207791    2838363
1717846764       1700       1953     190151     429339
1717846774       2258       2191     517612     409703
1717846785       2379       3327     320403    1290436
1717846795       1011        885     212643      63572
1717846805       1222       1146     180301      82645
1717846815       2335       1912     872518     391003
1717846826       3549       3045     807780     220335
1717846836       1498       1462     167785     103203
1717846846        880        842     115254      60371
1717846857       1063       1024     132021      73586
1717846867       3347       6351     553647    3694093
1717846877       1237       1199     147949      86348
1717846888       1632       1349     418996      97080
1717846898       1077       1036     135399      73788
1717846908       1419       1380     165362     100250
1717846918       1093        947     240463      67783
1717846929       1174        889     381201      61600
1717846939       1667       1634     181995     116658
1717846949        904        864     119651      61140
1717846960       1109       1361     135527     381408
1717846970       1246        865     482451      60420
1717846980        881        845     119054      60326
1717846990        994        844     233025      59736
1717847001        867        832     112661      59438
1717847011        857        822     111887      58823
1717847021        887        848     120057      60392
1717847031        908        872     113273      59939
1717847042        864        830     111876      58922
1717847052        881        843     114578      59924
1717847062        873        836     117228      59522
1717847072        861        827     112365      59198
1717847083        869        832     112480      59303
1717847093        861        824     113533      59047
1717847103        911        875     118914      61259
1717847114        849        812     111771      58553
1717847124       1360       3667     146264    2572794
1717847134        880        845     113185      58751
1717847144        935        895     120430      61823
1717847155        866        828     117341      59453
1717847165       1848       4268     192362    2730156
1717847175        871        835     112728      59203
1717847185        888        858     114791      67290
1717847196        863        825     115309      58639
1717847206       3958       2256    2624804     776451
1717847216       2834       6737     271836    4358319
1717847226       1509       1606     165688     244674
1717847237       3005       2166    1066982     154721
1717847247       1511       1471     162597     105569
1717847257      16163       5044   14127552    2210555
1717847268       1002        961     127818      68008
1717847278        924        882     122908      63896
1717847288        931        892     121306      63668
1717847299       2619       2817     277383     440847
1717847309       1303       2410     148604    1299823
1717847319       1023        985     128264      71027
1717847330       1128       1088     138681      78088
1717847340       3255       3428     361696     487887
1717847350       2242       1148    1264441      79205
1717847360       1103       1066     132023      76697
1717847371        994        960     122785      69718
1717847381       2531       2488     267440     180436
1717847391       1749       1220     667079      85071
1717847402        942        902     120456      65139
1717847412       1068       1028     132073      73646
1717847422       1451       1412     170624     102386
1717847433       1159        881     372918      61490
1717847443        941        905     116235      62921
1717847453        884        846     116265      60000
1717847464        907        868     120563      61086
1717847474       1112        833     370721      59043
1717847484        875        839     113060      59769
1717847494        863        828     112240      59096
1717847505        891        851     119496      60325
1717847515        873        837     112735      59518
1717847526        843        808     111476      58346
1717847536        930        896     115703      61085
1717847546        868        831     114425      59341
1717847557        871        836     112583      59460
1717847567        867        832     112719      59438
1717847577        879        840     114219      59666
1717847588        895        859     117375      60907
1717847598        849        813     112044      58586
1717847608        881        845     113240      59882
1717847619        859        822     112753      58982
1717847629        875        838     115681      59472
1717847639        892        856     111717      58984
1717847649        874        837     112335      58815
1717847660        890        854     113797      60588
1717847670       4644       3341    2905239    1471518
1717847680       3339      10240     305898    7556610
1717847690       1425       1389     154502     102283
1717847701       2148       2091     227602     153926
1717847711       1796       2382     198054     790050
1717847721      18011       5694   16454052    3294048
1717847732       1005        964     128855      68272
1717847742        997        956     128093      66704
1717847752       1479       1699     176253     381041
1717847762       2517       3783     257459    1553805
1717847773        943        904     121473      64980
1717847783        939        896     125227      63723
1717847793       1354       1574     160769     370096
1717847804       2799       2723     322866     198313
1717847814       2329       1544     975105     108303
1717847824        965        927     123470      66693
1717847834       1993       1126    1021565      78141
1717847845       2603       2566     266370     184545
1717847855       1345       1308     156674      93636
1717847865        977        854     206638      61346
1717847875       1105       1065     137084      75326
1717847886       1005        969     124967      70718
1717847896       1410       1372     161664      98581
1717847906       1150        847     396987      60069
1717847917        961        922     125944      65487
1717847927        878        840     114579      60297
1717847937        876        839     114837      59997
1717847947       1233        932     401364      62603
1717847958        874        837     113862      59850
1717847968        860        823     113449      59373
1717847978        892        855     116229      60617
1717847988        892        851     119579      60735
1717847999        900        862     115203      61000
1717848009        866        832     113746      59745
1717848019        902        864     116612      61039
1717848029        882        844     117384      60677
1717848040        881        846     113880      59987
1717848050        922        894     114433      69164
1717848060        869        833     114446      59444
1717848070        971        934     122552      66285
1717848081       5141       8901    2837535    6774434
1717848091       2891       6952     277723    4530666
1717848101       2361       2319     235440     173949
1717848112       1574       1517     183232     108589
1717848122       2143       5543     222351    3793052
1717848132      16945       2276   15794987     122500
1717848142       1029        989     131340      69002
1717848153       1062       1023     133247      72868
1717848163       1921       4782     199772    3211117
1717848173       2227       3416     238471    1458969
1717848184        954        911     126519      64653
1717848194       1007        969     127823      69732
1717848204       2079       1274     969907      89969
1717848214       3040       3253     308040     482520
1717848225       1222       1181     148017      85911
1717848235       1757       1081     812527      74284
1717848245        929        891     119257      62250
1717848256       2260       2221     237625     160335
1717848266       2052       1758     468646     127086
1717848276        970        928     127887      64876
1717848286       1342       1048     406317      74774
1717848297        968        929     121811      66639
1717848307       1461       1425     167093     103459
1717848317        885        847     115589      60637
1717848328       1266        970     399699      68135
1717848338        891        855     115832      60976
1717848348        910        872     115489      60488
1717848358        928        888     118554      62338
1717848369        890        853     119099      61247
1717848379        905        866     116526      61540
1717848389        873        833     115221      60211
1717848399        889        849     116714      60701
1717848410        935        894     122118      63093
1717848420        877        838     115140      60240
1717848430        893        854     116211      61128
1717848441        905        867     117483      61626
1717848451        959        920     120756      62883
1717848461        883        844     115436      60513
1717848471        869        829     115023      60029
1717848482        918        877     118989      61975
1717848492        911        870     122148      62191
1717848502        909        870     121365      62088
1717848512        901        862     121714      61884
1717848523        925        886     123038      62816
1717848533        910        868     122631      61909
1717848543        904        863     121753      61656
1717848554        984        941     124231      63569
1717848564        905        864     121842      61784
1717848574        953        910     124835      63686
1717848584        885        846     119128      61156
1717848595        941        902     122032      63544
1717848605        892        852     120194      61372
1717848615        910        870     121031      61841
1717848626        939        897     123271      63190
1717848636        911        872     121041      61989
1717848646        953        912     123011      63169
1717848656        936        894     122183      62173
1717848667        925        886     123266      62652
1717848677        911        873     120197      62212
1717848687       1020        989     129384      78253
1717848697        935        896     123278      63111
1717848708        879        839     119984      60660
1717848718        937        898     121340      63578
1717848728        893        856     119866      61586
1717848739        949        914     122873      64171
1717848749        940        899     121653      62231
1717848759        936        897     122125      62688
1717848769        901        864     120906      61842
1717848780        937        900     122134      63476
1717848790        887        847     120123      61106
1717848800        913        874     121600      62188
1717848811        933        895     122464      63399
1717848821        893        854     120674      61360
1717848831        920        880     122500      62538
1717848842        931        891     123035      62758
1717848852        927        886     121385      61463
1717848862        951        912     122562      63438
1717848872        897        859     121144      61519
1717848883        939        898     122387      63171
1717848893        899        860     120334      61685
1717848903        927        891     121857      62898
1717848914        889        850     119686      60891
1717848924       1161       1122     140113      80280
1717848934       2950        945    2219546      61779
1717848944        851        814     111645      58484
1717848955        906        870     113084      59733
1717848965       1109       1073     129998      75923
1717848975       1256       1219     145642      86917
1717848985        887        850     113994      60435
1717848996        859        824     112267      59074
1717849006        853        817     113748      58716
1717849016        909        868     119336      60951
1717849026        911        875     119072      62156
1717849038        907        872     118614      62607
1717849048       1003        964     129295      70830
1717849058        938        901     118095      61055
1717849068        897        860     117741      61047
1717849079        861        824     115222      59331
1717849089        871        834     116581      60824
1717849099        903        864     118157      61142
1717849110        863        825     116928      59489
1717849120        900        863     117920      60992
1717849130        893        855     118459      62095
1717849141        934        894     120641      62948
1717849151       1120       3730     126845    2886410
1717849161       1028        988     127873      69136
1717849171        880        843     115618      60376
1717849182        891        854     116263      60678
1717849192        901        863     117516      61244
1717849202        865        828     114970      59601
1717849212        891        852     116918      60842
1717849223        873        837     116268      59910
1717849233        859        822     116116      59318
1717849243        903        866     118505      61160
1717849254        902        866     117171      60218
1717849264        900        865     117837      60807
1717849274        867        830     117415      59656
1717849284        905        868     119350      61165
1717849295        873        837     117566      59962
1717849305        935        899     123138      64339
1717849315     299349      19091  303969569    4853072
1717849325        870        834     113681      59727
1717849336       7457       1163    6805640      65059
1717849346        904        867     120355      61678
1717849356        938        902     121974      62413
1717849366        890        854     117817      60218
1717849377        912        874     119923      61955
1717849387       1015       1016     130942     108971
1717849397        853        815     115104      58490
1717849407       2159       1902     450470     155606
1717849418        707        679      90497      48495
1717849428        743        714      91945      49862
1717849438        689        659      91064      47428
1717849448        753        720      97448      50063
1717849459        766        733      96628      49752
1717849469        708        678      89712      47853
1717849479        715        687      90893      48729
1717849489        712        691      90159      55546
1717849500        708        681      92084      48460
1717849510        694        667      88353      47327
1717849520        672        642      87856      46495
1717849530        720        690      91529      48571
1717849541        702        672      91109      47514
1717849551        924        895     105849      65439
1717849561       3117        933    2410179      64464
1717849571        698        669      87657      47271
1717849582        668        639      85837      45746
1717849592        678        648      87655      46276
1717849602        738        708      93239      49230
1717849612        666        637      86141      45877
1717849623        686        657      86729      46565
1717849633        678        648      87566      46276
1717849643        726        698      92560      48777
1717849653        664        634      85920      45717
1717849664        754        724      88373      48068
1717849674        673        643      88224      46010
1717849684        714        684      92873      48164
1717849694        692        662      87360      46991
1717849705        680        651      86486      46292
1717849715        723        691      96082      49058
1717849725        710        677      94153      47485
1717849735        720        688      93496      48241
1717849746        724        691      93930      48256
1717849756        678        646      90432      46488
1717849766        770        740      92494      48973
1717849776        714        682      92055      48072
1717849786        740        708      92634      49125
1717849797        658        629      85677      45451
1717849807        725        694      92769      48406
1717849817      79337       4205   80277380      98187
1717849827     220542      12179  223798775    1439722
1717849838        678        650      87842      46778
1717849848       7425        978    6943069      51691
1717849858        754        724      94385      49577
1717849868        746        718      94726      49465
1717849879        715        686      91996      48445
1717849889        726        696      92635      48688
1717849899        859        827     109114      58318
1717849910        687        661      88180      46592
1717849920       1097       1082     119411      88384
1717849930       1290       1038     360168      75414
1717849940        528        511      68946      36271
1717849951        543        524      68234      36519
1717849961        566        545      67245      36246
1717849971        524        506      66406      35327
1717849981        557        538      68912      37074
1717849991        522        501      67602      35346
1717850002        537        517      68482      35889
1717850012        552        533      69243      37016
1717850022        738        718      85038      52660
1717850032       3052        640    2620886      37806
1717850042        542        522      68369      35793
1717850053        518        497      66069      34966
1717850063        553        535      65886      35353
1717850073        508        492      65034      34362
1717850083        530        509      66791      35352
1717850094        526        507      67279      35370
1717850104        531        510      66778      35436
1717850114        512        491      66480      34693
1717850124        533        512      67589      35393
1717850134        516        493      67445      34727
1717850145        510        490      65653      34583
1717850155        524        505      66852      35196
1717850165        559        536      67401      35297
1717850175        546        524      67909      35512
1717850185        534        511      68053      35118
1717850196        512        489      66834      34411
1717850206        548        526      68929      35896
1717850216        512        491      65084      34693
1717850226        544        523      66768      35989
1717850236        544        526      66959      37911
1717850247        508        489      65147      34689
1717850257        546        527      67615      36450
1717850267        539        519      65694      34332
1717850277        523        504      66120      35214
1717850288        556        546      68993      45875
1717850298     298852      15541  303950438    1633253
1717850308       3896        715    3445361      41915
1717850318        495        475      62155      34850
1717850328       3886        700    3446091      39319
1717850339        702       3935      69494    3487151
1717850349        513        493      65607      34422
1717850359        618        637      72451      82026
1717850369        554        535      64050      34471
1717850379        696        691      72406      56856
1717850390       1592       1352     374900     104684
1717850400       2788        475    2500576      25384
1717850410        314        303      39845      21201
1717850420        350        341      40985      22853
1717850430        330        322      40673      22136
1717850441        348        337      41740      22748
1717850451        336        326      41780      22235
1717850461        323        314      40409      21612
1717850471        396        386      43014      23515
1717850481        334        324      41688      21984
1717850491        347        337      42862      22532
1717850502        349        338      42192      22487
1717850512        338        329      40669      22467
1717850522        341        333      40962      22438
1717850532        311        301      39208      21244
1717850542        367        360      41949      23620
1717850553        326        317      39781      21813
1717850563        378        367      42569      24135
1717850573        379        370      41290      22545
1717850583        340        329      41170      22008
1717850593        362        349      43071      23103
1717850603        328        320      38870      21885
1717850614        342        334      40590      22682
1717850624        343        334      39610      22547
1717850634        346        337      40291      22723
1717850644        348        340      39682      22847
1717850654        310        300      37559      21294
1717850665        347        339      39721      22935
1717850675        375        368      39604      22555
1717850685        351        342      40748      22963
1717850695        328        317      38848      21864
1717850705     269249      12319  274348127     185953
1717850716      29814       3383   29616209    1388664
1717850726        323        313      36915      21777
1717850736        344        334      40017      22534
1717850746       6945        648    6764457      27640
1717850756        364        354      42078      23637
1717850766        328        321      40001      21833
1717850777        523        514      52925      33080
1717850787        348        336      43263      23017
1717850797        326        318      39044      21462
1717850807       1331       1103     348630      91660
1717850817        138        137      14638       8911
1717850827        166        167      16758      10411
1717850838        144        149      15064       9621
1717850848        162        162      16590      10304
1717850858        136        138      15473       9027
1717850868        179        180      17218      10082
1717850878        211        210      18104      11648
1717850888        138        138      15916       9048
1717850899        182        181      18230      10805
1717850909        138        134      16634       8808
1717850919        187        188      17160      10920
1717850929        140        138      14563       8913
1717850939        196        192      17553      11261
1717850949        122        120      13702       8202
1717850960        178        175      16532      10501
1717850970        170        168      15103       9561
1717850980        164        163      14040       9335
1717850990        158        158      14526      10122
1717851000        129        128      13432       8700
1717851010        162        161      15194      10003
1717851021        142        143      14152       9479
1717851031        140        142      14135       9209
1717851041        160        161      15859      10246
1717851051        136        135      14689       8846
1717851061        154        155      16312       9865
1717851071        190        190      15997      10043
1717851081        151        150      15254       9142
1717851092        192        191      18093      11286
1717851102        136        135      15027       8872
1717851112        172        173      15291      10632
1717851122        130        132      13946       8914
1717851132        175        175      16341      10692
1717851142        151        154      15636       9856
1717851153        137        137      14956       8695
1717851163        168        166      16251      10295
1717851173        179        179      15829       9530
1717851183        171        171      16664      10085
1717851193        158        155      16678       9539
1717851203        162        163      15946      10281
1717851214        153        154      15482       9564
1717851224        136        134      15371       8839
1717851234        182        180      17748      10690
1717851244        154        152      16972       9576
1717851254        146        146      14132       9416
1717851264        139        140      14407       9195
1717851275        199        201      16336      10559
1717851285        205        204      20391      13401
1717851295        141        141      14556      10795
1717851305        169        168      15294      10274
1717851315        142        140      14628       9112
1717851325        167        165      15873       9994
1717851336        140        137      15225       8880
1717851346        162        160      15612       9862
1717851356        142        141      15428       9193
1717851366        136        135      13335       8820
1717851376        194        194      15529      10279
1717851386        162        160      14788       9466
1717851397        156        158      14139      10145
1717851407        124        126      12651       8481
1717851417        145        145      14391       9474
1717851427        146        147      14490       9341
1717851437        126        130      13479       8977
1717851448        168        167      15479      10302
1717851458        131        132      14251       8723
1717851468        172        171      16331      10290
1717851478        169        166      15619       8973
1717851489        173        173      15786      10071
1717851499        130        131      13272       8929
1717851509        158        159      14828      10043
1717851519        140        140      14293       9087
1717851529        144        143      14699       9128
1717851539        158        158      15288      10062
1717851550        144        146      13821       9391
1717851560        137        138      14100       9104
1717851570        146        148      14800       9422
1717851580        193        193      15405      10632
1717851590        157        158      15162       9496
1717851601        116        120      14091       8391
1717851611        174        173      16896      10531
1717851621        130        129      15468       8781
1717851631        156        158      15981       9937
1717851641        138        139      15958      10123
1717851651        147        148      16611       9559
1717851662        149        149      16632       9241
1717851672        156        155      16739       9782
1717851682        200        199      17130       9849
1717851692        128        128      14285       8589
1717851702        170        168      16362      10118
1717851712        154        152      16228       9484
1717851722        152        152      15525       9521
1717851733        145        143      15780       9153
1717851743        166        167      17013      10214
1717851753        144        144      14767       9317
1717851763        138        137      13718       8959
1717851773        150        151      15098       9731
1717851783        194        196      14670      10082
1717851794        145        145      14698       9435
1717851804        144        145      14651       9184
1717851814        150        151      14802       9731
1717851824        146        145      14776       9323
1717851834        126        127      14442       8591
1717851844        169        170      15686      10340
1717851855        134        132      14642       8796
1717851865        178        178      16044      10764
1717851875        116        119      13781       8250
1717851885        207        208      15703      10593
1717851895        141        140      14790       9160
1717851905        139        143      13971       9134
1717851915        158        158      15618      10062
1717851926        140        139      14901       9050
1717851936        156        157      16273       9896
1717851946        150        148      16146       9390
1717851956        155        154      16071       9749
1717851966        140        138      15813       9069
1717851976        142        139      16082       8993
1717851987        218        216      17892      11034
1717851997        144        143      15167       9166
1717852007        150        150      15462       9806
1717852017        144        144      15221       9373
1717852027        156        154      16241       9797
1717852037        158        157      16405       9784
1717852048        136        134      15187       8887
1717852058        168        164      16941      10169
1717852068        148        146      16412       9242
1717852078        168        165      15515       9994
1717852088        190        187      15488       9505
1717852098        146        144      14588       9182
1717852109        158        155      15686       9699
1717852119        153        149      15524       9257
1717852129        172        169      15389      10452
1717852139        130        130      11682       8688
1717852149        170        170      14972      11156
1717852159        142        142      13232       9234
1717852170        116        115      12473       8070
1717852180        164        163      14925      10032
1717852190        178        178      14094       9606
1717852200        156        156      14711       9871
1717852210        130        130      14102       8848
1717852220        154        154      15308       9672
1717852231        130        131      13754       8689
1717852241        146        146      14864       9356
1717852251        151        151      15663       9600
1717852261        154        153      15862       9471
1717852271        156        155      15745       9764
1717852281        155        155      14895       9630
1717852292        191        193      15040      10241
1717852302        124        125      13773       8608
1717852312        145        145      14798       9215
1717852322        152        153      14885       9774
1717852332        148        147      14713       9234
1717852342        150        153      15811       9928
1717852353        151        152      15877       9521
1717852363        150        149      15646       9665
1717852373        136        138      14253       9075
1717852383        158        160      15217       9411
1717852393        180        180      16392      10230
1717852404        140        140      15779       9135
1717852414        166        166      17240      10158
1717852424        136        134      15389       8821
1717852434        170        171      16296      10367
1717852444        132        133      15080       8721
1717852454        193        189      18001      11000
1717852465        122        121      13504       8283
1717852475        146        147      14790       9233
1717852485        176        175      16150       9867
1717852495        178        174      16205       9683
1717852505        154        155      16744       9697
1717852515        134        137      13279       9100
1717852526        158        158      15136      10056
1717852536        132        135      14041       8860
1717852546        136        136      14743       8947
1717852556        158        157      15128       9869
1717852566        354        355      30420      24737
1717852576        503        504      40827      34722
1717852586        208        207      17880      12118
1717852597        168        169      15957      10068
1717852607        138        139      14350       9025
1717852617        140        138      14955       9021
1717852627        434        434      30902      24072
1717852637        452        453      32562      25297
1717852647        169        166      17202       9944
1717852658        127        129      13315       8730
1717852668        170        171      15424      10367
1717852678        124        123      13951       8434
1717852688        187        187      16045       9968
1717852698        164        164      15123       9801
1717852708        150        149      15138       9349
1717852719        152        152      16043       9681
1717852729        156        154      15405       9663
1717852739        150        148      15658       9384
1717852749        138        137      14548       8985
1717852759        132        131      14871       8772
1717852769        156        156      15379       9853
1717852780        140        139      15185       9188
1717852790        185        185      15451       9938
1717852800        147        147      15137       9338
1717852810        156        155      15989       9704
1717852820        344        343      26721      19570
1717852830        442        442      32161      24527
1717852841        162        160      16612       9896
1717852851        156        154      15483       9507
1717852861        150        148      15956       9416
1717852871        166        163      17010      10303
1717852881        140        138      15455       9375
1717852891        194        195      15124      10251
1717852902        151        151      13485       9386
1717852912        385        385      26674      21565
1717852922        471        472      32090      26348
1717852932        137        136      13670       9098
1717852943        170        174      14655      10819
1717852953        262        264      25292      20128
1717852963        150        149      14370       9505
1717852974        134        135      14234       8955
1717852984        176        177      15707      10914
1717852994        157        157      13918       8639
1717853004        154        154      14784       9344
1717853014        180        179      17085      10840
1717853024        122        121      12532       8157
1717853035        150        151      14740       9731
1717853045        154        156      14572      10180
1717853055        134        134      13826       8970
1717853065        244        243      22879      17088
1717853075        196        199      17051      12274
1717853085        606        607      39426      33421
1717853096        207        207      16958      11161
1717853106        143        146      15017       9181
1717853116        156        157      15675      10090
1717853126        128        128      14425       8571
1717853136        164        167      16973      10520
1717853146        128        128      15111       8377
1717853157        151        149      16871       9494
1717853167        144        146      15939       9331
1717853177        127        128      14851       8697
1717853187        172        171      17077      10418
1717853197        182        181      16334       9295
1717853207        171        170      17647      10149
1717853218        149        146      16244       9194
1717853228        142        142      14230       9018
1717853238        158        160      15873      10151
1717853248        150        146      15450       9216
1717853258        154        154      15510       9772
1717853268        140        140      15195       9087
1717853279        462        462      31020      25844
1717853289        147        147      14383       9404
1717853299        188        187      14929       9516
1717853309        158        158      15168      10014
1717853319        140        141      14345       9142
1717853329        158        158      14982      10134
1717853339        182        181      16392      11173
1717853350        126        126      13300       8648
1717853360        368        368      26385      20869
1717853370        230        230      19910      14148
1717853380        164        163      16157      10116
1717853390        134        132      15272       8796
1717853400        331        330      22923      17027
1717853411        325        324      25494      18546
1717853421        165        166      16048      10292
1717853431        148        149      15559       9392
1717853441        136        134      15075       8553
1717853451        164        163      16339      10172
1717853461        150        150      16182      10132
1717853472        148        148      15344       9368
1717853482        150        148      15528       9208
1717853492        150        150      15460       9590
1717853502        200        199      16333      10088
1717853512        130        129      15302       8599
1717853522        166        167      15302      10211
1717853533        150        149      15964      10391
