1717837435        310        310      23094      21552
1717837445      28050      29066    2446648    4290922
1717837455      34145      35378    2945788    3819457
1717837465      14411      14396    1330486    1243268
1717837476       3803      55721     164160   55240383
1717837486       3982      15622     362310   12669752
1717837496       7480       7453     786793     607433
1717837506      32067     495356    1289882  493097064
1717837517       1421       1369     173607      95485
1717837527       1695       1808     456148     543391
1717837537       1014        974     129125      66054
1717837547       3873       2532    1642997     180987
1717837558       4137       1467    2955494      95345
1717837568       1046       1000     137199      70596
1717837578       1904       1854     220440     133159
1717837589       1069       1023     137869      71739
1717837599       1462       1417     174846     101521
1717837610       1488       1441     178821     102509
1717837620       1059       1011     139547      70772
1717837633       1453       1405     176094     101535
1717837643       2247       3105     266706    1136462
1717837653       3523       2977     829786     217467
1717837663      17687      16804    2491209    1399469
1717837674      19105      14511    6233233    1198032
1717837684       7610       6194    2083675     507151
1717837694       9946       1829    8767517     108715
1717837705       2425       1293    1313109      89279
1717837715       1200       1148     155391      81920
1717837725       1188       1136     153619      80559
1717837736       1233       1156     185411      81734
1717837746       1253       1200     156268      82285
1717837757       1171       1115     156491      79374
1717837767       1164       1105     160337      79014
1717837777       1236       1183     158503      82636
1717837788       1144       1091     153076      78384
1717837798       1166       1114     152612      79566
1717837808       1178       1125     154241      79855
1717837819       1198       1145     157352      80997
1717837829       1178       1125     154524      79799
1717837839       1215       1166     153899      80723
1717837850       1193       1142     153733      80299
1717837860       1090       1043     145314      74945
1717837870       1277       1230     159329      88827
1717837880     115101       8328  114280253     321270
1717837891      40066       4456   38278305     229388
1717837901       4279       4239     413479     315583
1717837911       8205       2964    5831190     199052
1717837922       1059       1019     134616      70075
1717837932        947        903     130352      64775
1717837942       1038       1000     132017      68218
1717837952       1022        982     133243      68378
1717837963       2472       1080    1577353      72670
1717837973        968        929     124135      65545
1717837984        931        892     122651      64128
1717837994       1025        983     127936      68026
1717838004        967        924     130675      65760
1717838015        961        922     123912      65365
1717838025        987        943     131240      66382
1717838035        949        909     123318      64786
1717838045       1028        989     126063      67149
1717838056        974        933     125527      65481
1717838066        971        929     128951      66135
1717838076        971        933     124241      65695
1717838087        931        891     122708      64127
1717838097       3154       2423     993759     179734
1717838107       6252       3789    2966858     284702
1717838117       7178       3218    4498924     227203
1717838128       1688       1324     506499      94891
1717838138        930        889     123023      62825
1717838148       1031        989     126531      65765
1717838159        922        880     123893      62977
1717838169       1410       1366     156792      95138
1717838179       1092       1050     134107      74119
1717838190        995        953     124948      65433
1717838200       1314       1278     156677      96485
1717838210      10142       9461    1614946     791724
1717838220      24791      22946    4121048    1942275
1717838231       1121        991     223631      68730
1717838241       1012        969     133281      67961
1717838251       1203       1162     144286      80482
1717838262       1300       1257     153974      88556
1717838272        931        890     124426      63093
1717838282        922        882     121721      62684
1717838292        974        934     125833      64802
1717838303        903        864     116666      61551
1717838313        923        884     117230      62193
1717838323        920        880     119028      62923
1717838334       8642       8502     943112     709459
1717838344       1043       1004     130617      69221
1717838354       8629       8496     938238     709744
1717838364       1288       1251     153590      88880
1717838375       8537       8406     932092     704653
1717838385       8653       8175    1276198     685030
1717838395       1221       1059     266695      75431
1717838405        992        958     131543      75026
1717838416       1615       1118     633811      78734
1717838426       1343        955     497776      66523
1717838438       1624       1201     565436      83695
1717838449       1256       1063     301678      73629
1717838459        927        887     124615      62871
1717838469        926        889     122830      63098
1717838479        929        893     127087      63515
1717838490        944        899     126267      63447
1717838500        925        887     127391      63057
1717838510        939        900     129390      63921
1717838521        915        874     127882      62287
1717838531        959        915     130953      64013
1717838541        998        955     132069      65955
1717838551        957        916     124988      62712
1717838562        951        909     124289      63979
1717838572        914        875     123846      62468
1717838582        885        848     115561      60702
1717838592        899        860     116478      61401
1717838603        891        853     117204      60858
1717838613        955        914     126544      64011
1717838623        877        838     115109      60240
1717838637        900        862     117822      61301
1717838650        965        925     123873      63128
1717838662        926        888     118003      62492
1717838672        875        839     115066      60280
1717838683        933        890     123941      62990
1717838693        903        864     117838      61459
1717838703        895        860     116224      61319
1717838714        873        834     114967      60090
1717838724        911        870     124025      62193
1717838734        927        888     118071      62603
1717838745        871        832     114962      60029
1717838755        967        928     120203      62826
1717838765        911        871     123489      62166
1717838775        903        864     116993      61511
1717838786        879        839     116475      60374
1717838796        899        858     119181      61159
1717838806        941        899     124694      63193
1717838817        879        840     115967      60419
1717838827        895        856     117365      61299
1717838837        929        889     125021      62860
1717838847        864        825     115219      59684
1717838858        964        925     119688      62907
1717838868        884        844     118678      60864
1717838878        927        887     118925      62462
1717838889        891        849     119749      60806
1717838899        907        867     117799      61552
1717838909        915        873     121225      62088
1717838919        877        837     116342      60187
1717838930        922        880     121641      62311
1717838940        965        922     128264      64440
1717838950        908        869     115730      60607
1717838961        948        904     128079      63169
1717838971        907        867     116819      61726
1717838982        945        899     128434      63219
1717838992        937        895     124500      63323
1717839002        953        911     125574      64249
1717839012        914        873     124105      62546
1717839023        963        924     124205      64661
1717839033        923        885     125091      63528
1717839043        977        939     127784      65697
1717839054        922        883     123778      61785
1717839064        997        957     129822      66615
1717839074        919        879     123475      62622
1717839084        962        923     125638      65003
1717839095        940        898     128693      63429
1717839105        915        876     121879      62391
1717839115        948        909     123931      64742
1717839126        939        901     126798      64385
1717839136        935        896     125521      63551
1717839146        931        892     125408      63284
1717839156        985        947     127284      66757
1717839167        943        905     125852      63841
1717839177        924        883     126277      62874
1717839187        951        911     127979      64106
1717839198        951        909     128795      64350
1717839208        945        906     127800      64242
1717839218        910        872     123217      62107
1717839228        950        911     128410      64999
1717839239        957        914     129569      64219
1717839249        956        914     126853      64125
1717839259        980        939     125703      63852
1717839270        914        875     123553      63110
1717839280        963        924     127229      64809
1717839290        892        852     124091      61711
1717839300        959        920     127717      64843
1717839311        927        888     127561      63483
1717839321        906        866     127415      62195
1717839331        963        918     131157      64349
1717839342        948        902     131904      63562
1717839352        929        888     123236      62860
1717839362        979        936     127368      63506
1717839373        959        914     128339      64067
1717839383        927        886     124049      63049
1717839393        945        904     126588      64068
1717839403        901        861     123338      62167
1717839414        903        863     125063      62224
1717839424        939        899     124469      63560
1717839434        911        871     126605      62662
1717839445        967        927     129169      64760
1717839455        936        892     126990      62494
1717839465        990        948     128378      64828
1717839475        921        879     125562      62713
1717839486        904        864     122718      61798
1717839496        940        899     126143      63674
1717839506        923        881     126741      62798
1717839517        922        883     124907      63154
1717839527        909        869     123248      62145
1717839537        953        913     128744      64575
1717839548        901        860     124210      61640
1717839558        957        915     127670      62945
1717839568        976        932     129100      64514
1717839578        919        877     127121      62606
1717839589        935        895     125981      63410
1717839599        935        894     127540      63454
1717839609        914        871     126375      62104
1717839620        925        885     123054      62783
1717839630        917        878     125078      62676
1717839640        901        863     116652      61573
1717839650        861        823     114542      59673
1717839661        972        932     126837      63571
1717839671        900        862     116366      61146
1717839681        893        855     115958      61033
1717839692        873        836     115976      60308
1717839702        918        876     124115      62063
1717839712        963        916     131981      63933
1717839722        926        887     125565      62810
1717839733        935        892     124881      63107
1717839743        936        897     126025      63344
1717839753        939        899     125181      63426
1717839763        978        936     126462      63886
1717839774        952        912     126830      64126
1717839784        929        889     126478      63065
1717839794        887        848     123051      61607
1717839805        933        895     126226      63529
1717839815        916        877     126430      62615
1717839825        941        898     125030      63128
1717839835        883        845     115631      60674
1717839846        891        854     115859      60975
1717839856        901        861     120144      61351
1717839866        967        926     122145      63007
1717839877        875        839     115309      60424
1717839887        907        869     117389      61726
1717839897        889        849     118438      60941
1717839907        903        867     121651      61886
1717839918        891        853     116101      61086
1717839928        915        873     120011      61746
1717839938        889        850     116298      60970
1717839949        900        860     122144      61474
1717839959        876        837     115519      60230
1717839969        960        920     119656      62632
1717839979        901        858     123322      61344
1717839990        957        915     129320      64207
1717840000        885        844     121542      60986
1717840010        968        923     131046      64279
1717840020        922        878     126563      62479
1717840031        942        899     126405      63370
1717840041        947        908     125684      64340
1717840051        939        898     125113      63611
1717840062        952        912     124966      63332
1717840072        934        894     125622      63112
1717840082        953        914     127016      64586
1717840092        928        888     124500      62940
1717840103        865        826     114796      59854
1717840113        895        856     116075      61107
1717840123        954        909     130479      63746
1717840134        923        881     124151      62470
1717840144        927        882     128093      62527
1717840154        957        915     126204      64289
1717840165        944        904     123445      62801
1717840175        960        918     127014      64204
1717840185        877        838     115240      60320
1717840195        869        830     115012      60052
1717840206        915        875     118413      61916
1717840216        913        873     123406      62317
1717840226        891        852     115859      60909
1717840237        863        828     114641      59863
1717840247        931        891     121147      62704
1717840258        872        833     119673      60494
1717840269        933        898     116236      61408
1717840279        894        855     117057      61062
1717840289        901        859     120448      61213
1717840300        919        881     122133      62540
1717840310        873        836     114968      60156
1717840320        929        888     122890      62516
1717840331        890        851     120313      61152
1717840341        881        846     115577      60813
1717840351        901        864     117044      61486
1717840361        869        830     116672      60106
1717840372        986        945     124882      63617
1717840382        881        843     116472      60531
1717840392        911        871     118389      61790
1717840402        883        845     116664      60670
1717840413        912        873     121846      61945
1717840423        893        854     116623      61152
1717840433        891        854     117622      61143
1717840444        893        856     116127      61162
1717840454        907        865     123275      61662
1717840464        924        885     119076      62003
1717840475        904        868     116075      60627
1717840485        879        841     115434      60492
1717840495        937        895     124799      62967
1717840506        881        844     118201      60568
1717840516        897        859     116157      61215
1717840526        903        861     123117      61624
1717840536        899        863     118042      61474
1717840547        891        853     116102      61086
1717840557        889        850     116740      60922
1717840567        975        934     126609      63624
1717840578        882        844     115577      60144
1717840588        897        858     116455      61358
1717840598        889        851     116769      60767
1717840608        947        906     126208      63695
1717840619        871        832     114813      59967
1717840629        871        834     115785      60297
1717840639        915        880     117589      62288
1717840650        907        865     122866      61980
1717840660        897        860     116101      61216
1717840670        902        864     116291      60292
1717840680        932        894     119042      62422
1717840691        905        863     123037      61633
1717840701        883        845     116668      60542
1717840711        903        865     118224      61620
1717840722        909        867     122583      61769
1717840732        901        863     117247      61581
1717840742        875        839     115912      60480
1717840753        901        861     118150      61383
1717840763        929        886     124015      62562
1717840773        999        957     128745      64556
1717840784        916        870     125639      61880
1717840794        927        886     124412      63031
1717840804        903        864     116622      61551
1717840814        909        869     125331      62427
1717840825        903        865     116696      61632
1717840835        942        902     129661      63819
1717840845        925        886     124362      63004
1717840856        908        869     126106      62264
1717840866        923        884     126892      62829
1717840876       1003        960     129092      64483
1717840886        929        886     127221      62954
1717840897        907        870     116670      61729
1717840907        869        832     114995      60092
1717840917        907        863     125078      61548
1717840928        959        919     127361      64526
1717840938        923        885     125733      62855
1717840948        931        889     125314      63066
1717840958        941        899     129447      63385
1717840969        923        885     124408      62862
1717840979        950        910     123118      62633
1717840989        949        908     128383      63986
1717841000        926        886     125622      62997
1717841010        909        871     125177      62421
1717841020        928        889     122143      62993
1717841030        909        870     123245      62388
1717841041        945        908     127393      64212
1717841051        891        851     123760      61592
1717841061        935        894     125408      63405
1717841072        936        900     126211      62708
1717841082        942        902     127594      63261
1717841092        944        899     128931      63229
1717841102        923        884     124520      62437
1717841113        937        895     126383      63539
1717841123        930        890     125904      63091
1717841133        919        881     125616      62856
1717841144        929        888     124303      62932
1717841154        949        910     127649      64400
1717841164        911        874     123900      62517
1717841174        964        924     128345      63524
1717841185        959        918     127875      63856
1717841195        945        903     128706      63448
1717841205        926        887     122710      62718
1717841216        915        872     124450      62341
1717841226        959        918     127585      64257
1717841236        915        877     125294      62801
1717841247       1065       1024     139284      74600
1717841257        928        888     123580      62988
1717841267        932        889     127486      62983
1717841277        980        937     127705      64072
1717841288        945        901     127850      63032
1717841298        923        882     123273      62643
1717841308        906        866     122936      62180
1717841319        951        911     124413      63923
1717841329       2089       1039    1209954      72301
1717841339       7895       1221    7207428      69475
1717841349       1105       1368     144470     394313
1717841360        887        848     120484      60947
1717841370        936        894     124608      63095
1717841380        937        898     116661      61540
1717841391       5164       1177    4352895      73211
1717841401       4994       1084    4254932      66885
1717841411        980       1240     122670     382217
1717841421        901        863     116411      61397
1717841432        889        851     117197      60895
1717841442        927        888     123616      62999
1717841452        881        843     115591      60583
1717841463        962        921     127091      64505
1717841473       9132       1370    8377213      76766
1717841483       1001       1210     121718     327198
1717841493        891        854     116032      61071
1717841504        899        860     116854      61355
1717841514        949        905     126275      63391
1717841524        885        849     115569      60735
1717841534        889        851     115989      60947
1717841545        907        870     118757      61838
1717841555        941        900     124789      63420
1717841565        924        884     125626      62850
1717841576        947        907     125761      63381
1717841586        984        945     126252      64512
1717841596        911        872     122948      62511
1717841606        952        913     125448      64770
1717841617        939        901     126834      63930
1717841627        901        861     123141      61699
1717841637        980        937     130590      65159
1717841648        919        876     124256      62255
1717841658       5207       1213    4356019      76391
1717841668       4853       1447    4069701     413428
1717841678       1007        969     127591      66409
1717841689        924        884     123448      62332
1717841699        973        931     129232      65073
1717841709        929        892     124856      63128
1717841720        915        875     124195      62496
1717841730        966        926     127562      65292
1717841740        918        878     126733      62761
1717841751        955        914     126077      64067
1717841761        959        918     129651      65109
1717841772       1323       1284     154230      91531
1717841782       1163       1124     139960      77478
1717841792        935        897     124430      62803
1717841803        967        928     129610      65906
1717841813        905        865     123330      62087
1717841823        932        892     127080      63050
1717841834        936        893     125501      62902
1717841844        934        891     125967      63200
1717841854        931        888     125269      63257
1717841864        933        892     124050      63232
1717841875        943        902     125991      63571
1717841885       1005        963     128763      65562
1717841896        912        872     122730      62352
1717841906        903        864     116461      61455
1717841916        906        866     122690      62012
1717841926        948        909     120028      64791
1717841937        928        885     125312      62645
1717841947        920        879     122160      62299
1717841957        929        888     122488      62956
1717841968        919        879     121641      62572
1717841978        919        878     121887      62353
1717841988        967        927     122525      63212
1717841998        891        851     120795      61312
1717842009        947        907     124465      63820
1717842019        901        860     122266      61652
1717842029        944        903     125308      63447
1717842040        915        877     123795      62444
1717842050        921        881     123646      62473
1717842060        923        884     124383      62749
1717842070        956        914     126094      63744
1717842081        913        872     122095      61413
1717842091        964        925     122883      63490
1717842101        941        901     122586      63479
1717842112        925        884     122331      63137
1717842122        941        901     123816      63427
1717842132        925        884     121482      62566
1717842143        923        888     120364      63148
1717842153        893        856     119062      61426
1717842163        903        863     120141      61834
1717842173        929        892     120678      63064
1717842184        934        896     120438      62218
1717842194        939        900     121422      63000
1717842204        903        864     120735      61759
1717842215        939        900     122691      63237
1717842225        905        865     120718      61817
1717842235        959        919     123743      64114
1717842246        887        848     120795      61031
1717842256        917        878     120810      63244
1717842266        925        886     120818      62976
1717842276        909        873     120254      62187
1717842287        952        914     121843      63011
1717842297        922        881     120843      62040
1717842307        945        909     123454      64105
1717842318        911        872     120973      62071
1717842328        921        881     122176      62653
1717842338        905        869     120708      62053
1717842348        923        884     122109      62777
1717842359        885        846     119754      61124
1717842369        900        864     120676      61714
1717842379        931        892     122751      63023
1717842390        963        921     122847      63156
1717842400        926        887     123107      62638
1717842410        922        883     121387      62508
1717842421        933        894     122586      63140
1717842431        889        849     119748      61069
1717842441        929        891     122317      63148
1717842451        921        882     122092      62450
1717842462        881        840     119860      60794
1717842472        927        889     122499      62912
1717842482        912        875     121252      62257
1717842493        985        944     123332      63778
1717842503        881        843     119638      60867
1717842513        927        889     122275      62912
1717842524        903        862     121557      61709
1717842534        933        892     122308      62978
1717842544        895        854     120975      61297
1717842554        903        864     119915      61847
1717842565        918        879     121173      62530
1717842575        926        887     121784      63624
1717842585        926        885     121725      62200
1717842596        936        896     121053      62179
1717842606        929        889     122544      63033
1717842616        887        848     120681      61011
1717842626        899        859     120871      61620
1717842637        921        884     122248      62624
1717842647        888        850     120335      61255
1717842657        925        886     122560      62896
1717842668        892        855     121440      61487
1717842678        939        898     123707      63143
1717842688        950        908     122682      62512
1717842699        914        874     121749      61649
1717842709        928        889     122700      62801
1717842719        920        880     120558      62352
1717842730        923        884     121397      62669
1717842740        909        873     120127      62258
1717842750        905        867     120546      61991
1717842760        909        869     120918      61947
1717842771        927        888     122391      62851
1717842781        887        849     119791      61060
1717842791        946        906     122248      62612
1717842802        937        899     122515      62882
1717842812        887        847     121059      60890
1717842822        956        915     124616      63789
1717842832        893        853     120370      61271
1717842843        883        845     120275      60850
1717842853        924        884     121761      62671
1717842863        915        875     121821      62288
1717842874        905        869     119794      62037
1717842884        895        855     119845      61486
1717842894        986        947     122998      64051
1717842905        888        851     119970      60973
1717842915        901        862     120316      61696
1717842925        921        882     121058      62810
1717842935        900        861     120122      61615
1717842946        933        893     122336      63167
1717842956        891        850     120467      61067
1717842966        924        884     121746      62710
1717842977        921        879     121616      62243
1717842987        889        847     120584      60817
1717842997        977        935     122574      63273
1717843008        909        868     120736      61982
1717843018        921        882     120372      63902
1717843028        891        852     119025      61629
1717843038        933        896     121423      63457
1717843049        901        861     120266      61759
1717843059        885        845     119688      60887
1717843069        913        874     120824      62398
1717843080        914        874     120904      62102
1717843090        919        879     121663      62360
1717843100        946        904     121759      62035
1717843111        929        890     121466      63174
1717843121        886        847     119515      61026
1717843131        895        855     120465      61438
1717843141        931        890     122457      62887
1717843152        909        869     121120      62123
1717843162        909        870     120538      62168
1717843172        893        854     120368      61536
1717843183        926        887     122105      62798
1717843193        929        889     121589      61718
1717843203        912        872     120692      61751
1717843213        921        890     122324      62918
1717843224        901        868     121697      61894
1717843234        921        883     123215      62659
1717843245        921        880     123391      62400
1717843255        922        884     122326      62825
1717843265        916        878     122968      63003
1717843275       1291       1428     222296     345430
1717843286        921        878     122783      62070
1717843296        999        958     126920      65672
1717843307       1483       1546     307314     346968
1717843317        891        851     119308      61288
1717843327        949        915     122349      63913
1717843337        889        992     120014      65939
1717843348        929        889     121429      62913
1717843358        901        863     120602      61809
1717843368        931        894     121614      63283
1717843379        889        849     119671      61069
1717843389        895        858     119720      61645
1717843399        968        929     122058      63384
1717843410        904        866     120939      61932
1717843420        934        896     122590      63087
1717843430       1258       1218     154198      88971
1717843440       1439        936     620142      64551
1717843451        883        843     120683      60892
1717843461       1016        977     131718      70734
1717843471       1209        935     377232      65382
1717843482        908        868     121809      61894
1717843492        941        900     123179      63372
1717843502        955        913     122472      62462
1717843512        917        875     121874      62291
1717843523        915        874     122140      62159
1717843533       1592       1685     345609     419100
1717843543        933        893     122999      63071
1717843554        903        862     123104      61773
1717843564       1626       1419     348374     101952
1717843574       1482       1574     325296     399398
1717843584        942        899     124254      62852
1717843595       1173       1431     144378     397550
1717843605       1057        942     202256      63537
1717843615        936        896     121907      63098
1717843626       4811       4714     529883     354557
1717843636       4536       2268    2614251     158028
1717843646       6338       2178    4893111     426345
1717843656       1011        969     130322      68453
1717843667        941        899     125152      64340
1717843677        956        914     127625      65191
1717843687        965        922     127105      65291
1717843698       3296       1645    1899369     113397
1717843708       3298       1483    2053764      99782
1717843718        925        884     121168      63457
1717843728       1348       1030     430349      73728
1717843739       1014        972     130525      68471
1717843749        913        872     120405      62815
1717843759        929        888     121366      63639
1717843770        935        894     122361      63872
1717843780       1494       1450     179605     107579
1717843790       3300       1943    1617000     139552
1717843801       4413       2146    2915619     466526
1717843811       3291       2003    1551588     143817
1717843821       1182       1029     257651      74103
1717843831       1275        968     415986      67915
1717843842       3156       1919    1490784     137638
1717843852       1271       1126     260135      79726
1717843862       2230       1098    1304581      75411
1717843872        898        859     118472      61847
1717843883        920        881     119841      63008
1717843893       2519       1381    1332303      94953
1717843903       1598       1533     207164     114879
1717843916       6995       5412    2202983     393142
1717843927       5622       1928    4132062     129194
1717843937       3032       1577    1700140     109466
1717843947       2253        981    1441934      67134
1717843958        962        922     124499      65531
1717843968        932        891     124165      64241
1717843978        992        948     131291      66996
1717843989       1076       1035     137266      74694
1717843999       2997       1704    1534597     125209
1717844009      10334       5978    5167611     426219
1717844019       4372       1406    3276626      92165
1717844030       3964       1413    2841924      95640
1717844040        982        946     129752      67838
1717844050       2379       1814    1321391     104200
1717844061        986        943     129949      67789
1717844071       2561       1256    1503154      85419
1717844081       2666       1336    1535835      93473
1717844092       4160       2014    2782389     458348
1717844102       5129       1955    3553163     132282
1717844112       1072       1029     136410      73734
1717844122       1219       1176     150141      84763
1717844133       4993       2400    3281361     476084
1717844143       3067       1531    1775510     107388
1717844153       3294       2186    1721925     504332
1717844164       2734       1407    1541043      97348
1717844174       4154       1555    2904087     106411
1717844184       1021        977     132813      69668
1717844195       2855       1846    1505214     395936
1717844205       1177       1135     144619      79436
1717844215       1254       1210     153484      87229
1717844226       3138       1696    1763614     194436
1717844236       1041        998     134225      70681
1717844246       3394       2213    1808160     511403
1717844256       2053       1738     798168     430993
1717844267       2513       1297    1410822      90367
1717844277       1355       1310     163944      96106
1717844287       3201       1872    1585047     133491
1717844298       3579       1777    2076696     124962
1717844308       1062       1019     132589      70402
1717844318        969        927     128724      66815
1717844329       2948       1931    1376958     259004
1717844339       2380       1116    1442705      74603
1717844349       3264       1784    1739062     129133
1717844360       1028        984     131856      69571
1717844370       2801       1428    1621393      98030
1717844380       1025        981     132626      70368
1717844390       2891       1849    1537667     389398
1717844401       1361       1643     161791     438723
1717844411       3248       1763    1737123     121433
1717844421       1006        962     137372      68435
1717844432       1035        991     139881      69769
1717844442       2522       1240    1475343      85015
1717844452       1028        980     137916      69309
1717844462       2816       1360    1673150      93414
1717844473       4700       4495     629249     333720
1717844483      11598       3410    9013465     228683
1717844493       2634       1251    1585289      85995
1717844504       4805       1768    3383722     121024
1717844514       1061       1016     135055      70537
1717844524       3239       4217    1630655    2631744
1717844535       1473       1183     416925      84460
1717844545       1476       1753     172406     435809
1717844555       3113       1506    1847819     105830
1717844565       1019        975     133670      69781
1717844576       2955       1399    1784124      96189
1717844586       3126       2971    1621646    1414038
1717844596       7603       1862    6271116     118281
1717844607       3366       2743    2167972    1463069
1717844617       1286       1242     156817      88852
1717844627        994        950     133204      68925
1717844638       3445       1844    1872487     132914
1717844648       2538       1248    1566475     165974
1717844658       6716       2729    4868778     575967
1717844669       2237       1881     551323     137655
1717844679       6533       2143    4868709     146728
1717844689       1478       1433     176685     104800
1717844699       2903       1156    1964365      77521
1717844710       4479       1659    3155944     111089
1717844720       5625       1876    4156126     123622
1717844730       3412       3267    1699252    1503723
1717844741       2993       1512    1714509     104602
1717844751       2196       1237    1129909      86091
1717844761       3427       1324    2355074      88180
1717844772       3177       1495    1925856     105632
1717844782       1062       1017     136401      71890
1717844792        994        950     133203      68925
1717844803       1026        981     134857      70308
1717844813       2644       1358    1485577      90810
1717844823       1261       1217     158327      89386
1717844833       1034        988     135183      70679
1717844844       1026        982     135487      70472
1717844854       1381       1058     437248      73721
1717844865       1020        971     138094      69770
1717844876       1008        961     135075      69411
1717844886       1079       1031     143013      72757
1717844896       1022        973     138718      70013
1717844907       1042        996     135339      70881
1717844917       1060       1013     137810      70371
1717844927       3254       1870    1643865     132857
1717844938       1014        968     134193      69769
1717844948       2864       1285    1796208      88286
1717844958       4203       3916    1726505    1368023
1717844969       5443       2533    3319281     181099
1717844979       1264       1218     155492      87719
1717844989       3228       4034     928245    1741239
1717845000       2855       1294    1778351      87608
1717845010       1005        961     129503      67803
1717845020       4525       1493    3359341      97961
1717845030       1020        978     130932      69107
1717845041       3067       1388    1913434      95619
1717845051       4380       1323    3370324      85642
1717845061       3212       1619    1842906     114932
1717845072       4750       1349    3731182      87117
1717845082       1977       1934     224430     145428
1717845092       4666       1254    3737555      79447
1717845103       1505       1462     177070     105959
1717845113       1038        993     132920      68670
1717845123       1958       1325     793637      91755
1717845133        970        927     128935      66933
1717845144       1253       1212     155758      88843
1717845154       3257       3309    1700089    1712745
1717845164       1100       2332     135081    1424648
1717845175       1000        957     130422      68324
1717845185        997        953     132932      68224
1717845195       1048       1000     141646      70465
1717845206        978        935     129819      67385
1717845216       1031        989     130957      68643
1717845226       2564       1431    1467574     232934
1717845237        966        923     128963      66879
1717845247       1018        976     131889      69534
1717845257       3324       1781    1877063     199356
1717845267       1167       1124     143617      80101
1717845278       1352       1310     163846      95403
1717845288       3619       3156    2019507    1480573
1717845298       3083       1667    1808961     269249
1717845309       3349       1630    1974104     111320
1717845319       2770       3017    1487871    1712113
1717845329        958        915     127225      66072
1717845340        993        953     129168      67887
1717845350       3328       1822    1769043     129614
1717845360       1039        998     132390      71060
1717845370       1462       1420     163407     102182
1717845381       2905       5057     421749    2658926
1717845391       2522       1130    1575553      75992
1717845401       1214       1171     149574      84572
1717845412       2759       2719     285323     206205
1717845422       3530       5681     346550    2571724
1717845432       1309       1012     402547      70497
1717845443       1381        971     524884      68610
1717845453       1144       1009     231835      70689
1717845463        994        947     133120      67699
1717845473       1018        974     136786      69458
1717845484        998        956     130106      69028
1717845494       2989       4716    1554706    3346304
1717845504       1012        970     130653      68839
1717845515       2762       1446    1531703      99704
1717845525       1182       2638     137733    1660151
1717845535       3352       1793    1823752     128114
1717845546       1012        970     130651      68839
1717845556        962        919     128009      66435
1717845566       1335       1009     437692      70400
1717845576       4358       4171    1918576    1666498
1717845587       1006        962     130942      68666
1717845597       3898       5060    2158060    3354670
1717845607       2615       4199     267662    1911803
1717845618       2623       2091    1133926     534474
1717845628       3066       4464    1503695    2952035
1717845638       1067       1029     134656      74598
1717845649       1341       1300     159371      93869
1717845659       1257        940     420175      65921
1717845669       2181       1874     501996     139556
1717845679       5645       5812     547125     627158
1717845690       2195       2152     238738     156989
1717845700       1988       1852     313871     134537
1717845710       1662       1757     297211     365470
1717845721       2802       2759     293566     199758
1717845731       7884      13527    3786973    9659468
1717845741       4475       2580    2427137     354638
1717845751       2349       2746     247565     623110
1717845762       2590       1731    1168601     222217
1717845772       9303       7440    4374427    2270046
1717845782       1955       2000     212166     219695
1717845793       2427       2427     256564     212360
1717845803       6577       7058    1884980    2300083
1717845813       4523       4595     438837     436826
1717845824       4716       5502    1862851    2632066
1717845834       1944       2035     207005     261822
1717845844       1851       1996     202950     319777
1717845854       4078       2707    1827386     310093
1717845865       4183       5874    1847336    3585863
1717845875       6073       4963    1641483     373779
1717845885       2786       2751     284809     203969
1717845895       7300       8898    1727065    3278135
1717845906       2063       1042    1174640      70116
1717845916       1446       1407     167487     102503
1717845926       1756       1956     190770     374886
1717845937        945        902     128180      63593
1717845947       1102        913     282020      64154
1717845957        910        870     119045      62464
1717845967        922        885     119311      62785
1717845978       1686       1641     196948     117988
1717845988       2670       1147    1721975      78772
1717845998       1318       2917     148236    1817242
1717846009        882        844     117385      61114
1717846019        943        903     120527      63635
1717846029       1712       1669     195427     117817
1717846040        896        860     117901      61852
1717846050        912        874     118816      62479
1717846060       1038        898     229357      63371
1717846070        954        914     125619      64500
1717846081       4398       2497    2254146     178938
1717846091       1149       1356     138962     340288
1717846101        922        884     119142      62838
1717846112       2553       3882     273976    1639067
1717846122       2772       1126    1846998      71889
1717846132       1564       1524     179682     112313
1717846142       5855       4746    3181589    1948808
1717846153       3584       6033     348180    2886597
1717846163        904        864     118783      62087
1717846173       2119       2078     236142     157652
1717846184       3572       2978    2243954    1585110
1717846194       1128       1088     139223      78848
1717846204       1845       2666     704591    1553202
1717846215       2516       2920     521083     908907
1717846225        919        882     115466      60863
1717846235        905        870     115705      61295
1717846245        886        847     116232      60470
1717846256       1674       3778     181248    2381578
1717846266       5835       7310     554109    2027355
1717846276       4037       2372    2267639     448882
1717846287       2681       2327     585491     168712
1717846297       1286       1254     152814      95982
1717846307       2843       5008     283704    2526838
1717846317       5298       3684    2204923     423871
1717846328       1936       2187     207616     439247
1717846338       2454       3539     565109    1667057
1717846348       4150       3280    1320876     342995
1717846359       4796       4702     658232     476867
1717846369       1517       1593     172550     227250
1717846379       2139       1855     603593     265157
1717846389       1695       1865     187130     334135
1717846400       2292       1817     681588     142797
1717846410       1710       1687     190358     134077
1717846420       1916       1917     208182     179868
1717846430       1880       1849     269734     204691
1717846441       3232       5107     951610    2895468
1717846451       2201       2161     233231     157828
1717846461       1682       1643     188700     121833
1717846472       2005       1945     237465     143328
1717846482       2155       1809     565207     164693
1717846492       1826       1785     236707     164461
1717846502       5987       5013    1489465     363020
1717846513       3089       2475     879929     181322
1717846523      10007      14841     913435    5866047
1717846533       5744       4548    3057389    1700666
1717846544       2410       2370     254085     173141
1717846554       2105       2351     226149     451131
1717846564       2109       2071     227817     150940
1717846574       2619       2567     288729     186265
1717846585       1324       1399     313297     370647
1717846595       2094       2053     229543     149669
1717846605       1960       1724     401663     122498
1717846616       1606       1566     181837     115370
1717846626       2591       2321     494414     167284
1717846636       2044       1636     584005     114602
1717846646       1578       1538     179126     113170
1717846657       2298       1726     757500     122690
1717846667       1745       1705     193168     125158
1717846677       1690       1650     188409     120942
1717846688       2058       1974     265435     143860
1717846699       2871       4018     332230    1508305
1717846709       3208       3416    1273949    1465728
1717846719       1775       1734     196297     126745
1717846730       1683       1643     184815     117859
1717846740       1994       1916     249824     139911
1717846750       2166       2069     289042     154384
1717846761       7760       7639     805692     561558
1717846771       7661       6130    2179569     446218
1717846781       5294       5833     509972     990245
1717846791       5078       6506    2022768    3441773
1717846802       2297       2257     243435     164543
1717846812       2882       1653    1451698     116646
1717846822       3415       3664     344760     552247
1717846833        976        930     130944      63976
1717846843       2077       1947     310631     140691
1717846853       1455       1404     181726     101315
1717846863       1632       1594     182968     116523
1717846874       2193       2126     261696     155690
1717846884       1663       1493     317876     107379
1717846894       1800       1633     321109     118261
1717846905       1850       1558     451534     112979
1717846915       1937       1631     467718     118871
1717846925       1995       1699     465097     121712
1717846936       2543       2373     391345     171504
1717846946       2462       4646     533902    2818210
1717846956       1939       3237     264034    1610104
1717846966       3888       4117    1478829    1671284
1717846977       1750       1712     191564     125156
1717846987       2619       3878     267906    1560470
1717846997       2373       2321     261997     169727
1717847008       1998       2203     273556     454993
1717847018       1824       1724     261018     125149
1717847028       7106       5160    2531153     370062
1717847038       2725       2692     274080     196974
1717847049       8088       6411    3265697    1371959
1717847059        885        849     113645      60784
1717847069       1225       1189     144018      85823
1717847079       5178       3917    2795976    1394592
1717847090       2774       5607     269948    3220846
1717847100       1564       1655     170796     241280
1717847110       2184       2142     216669     157251
1717847121       1582       1523     193628     110014
1717847131      16083       6099   14168392    3456147
1717847141       1998       1956     218049     140609
1717847152        934        893     123736      64422
1717847162        927        884     126466      63037
1717847172       2213       2325     342874     421824
1717847182       2367       5928     235559    3974611
1717847193       1144       1106     139538      79392
1717847203       1719       1644     228836     120047
1717847213       1796       2017     204022     402830
1717847224       4003       3199    1145783     235499
1717847234       1602       4037     166067    2726087
1717847244       1959       1106    1010123      75945
1717847254       1682       1647     184343     118928
1717847265       3085       6326     300592    3694005
1717847275       1135       1424     136714     421948
1717847285       1115        963     249408      67851
1717847296        987        950     124946      68052
1717847306       1550       1392     290810     100922
1717847316       1205        935     372071      66638
1717847326        954        918     121929      64919
1717847337        898        861     114759      59666
1717847347        864        829     111719      58816
1717847357        896        859     115873      60568
1717847367       1118        849     363214      59892
1717847378        881        844     114625      59951
1717847388        853        817     111728      58640
1717847398        857        819     113028      58800
1717847409        917        876     119022      61369
1717847419        859        822     113743      58924
1717847429       1369       4027     146434    2938014
1717847439        916        878     118366      60128
1717847450        903        866     114936      60654
1717847460        856        818     116781      58992
1717847470       1237       1207     145659      92324
1717847480       1512       4270     160009    3059321
1717847491        837        801     110677      57528
1717847501        888        850     117491      60080
1717847511        859        823     111611      58693
1717847521        881        844     115117      59653
1717847532        852        813     112317      58033
1717847542        883        849     110606      58474
1717847552        889        854     113408      60091
1717847563        837        800     111858      57867
1717847573        877        841     113554      59348
1717847583        841        806     110131      57891
1717847594        843        806     111336      57932
1717847604        889        853     114996      60158
1717847614        845        809     111918      57892
1717847625        863        826     112689      58938
1717847635        868        832     113005      58958
1717847645        914        878     113627      59692
1717847656        849        813     110360      58126
1717847666        841        802     111707      57789
1717847677        897        862     115413      60459
1717847687        841        804     111637      57773
1717847697        861        824     111009      58639
1717847708        855        817     112658      58433
1717847718        882        845     114320      59780
1717847728        851        813     112026      58195
1717847739        904        871     111861      59501
1717847749        861        826     111792      58486
1717847760        853        815     113632      58492
1717847770        879        843     113351      59561
1717847781        847        810     111523      58006
1717847791        879        842     115225      59562
1717847802        851        813     111445      58125
1717847812        881        845     112350      59736
1717847822        847        811     111762      57981
1717847833        854        815     114649      58295
1717847843        936        902     114071      60751
1717847853        836        801     109731      57558
1717847864        875        838     112497      59356
1717847874        855        819     113520      58643
1717847884        888        851     114468      59771
1717847895        837        801     110101      57708
1717847905        872        843     115207      67049
1717847915        925        891     115916      63398
1717847926       5189       9059    2951879    7004864
1717847936       3061       8741     283298    6249802
1717847947       2219       2181     217817     160976
1717847957       1573       1516     183045     107684
1717847967       2132       5711     217604    3972329
1717847978      17718       2359   16525290     126980
1717847988        983        941     128559      67366
1717847999       1052       1012     131230      72173
1717848009       2194       3706     230768    1796814
1717848020       1651       1609     188312     115828
1717848030        891        853     117042      61268
1717848041        956        918     119778      63356
1717848051       1930       1106     973819      76782
1717848061       2761       2992     281762     481230
1717848071       1713       1675     189614     121327
1717848082        944        906     121110      65086
1717848092       1951        991    1109649      67788
1717848102       1942       1904     209466     138275
1717848113       2037       1999     218190     145040
1717848123        919        877     124748      61975
1717848133        961        930     124161      73811
1717848144       1087       1053     128038      73450
1717848154       5365       3582    3158615    1214478
1717848164       3251      13894     282561   11508809
1717848175       1561       1667     170702     258347
1717848185       2186       2134     228486     155841
1717848195       1489       1445     170451     104752
1717848205      18410       6808   16285817    3868306
1717848216        987        946     128461      67747
1717848226        955        913     127090      65996
1717848236       1078       1034     137665      73566
1717848247       2314       2539     242712     442237
1717848257       1589       2811     172923    1442679
1717848267        900        862     118629      61977
1717848277        947        904     125165      64091
1717848288       2479       2673     296721     460082
1717848298       2931       2131    1038396     152665
1717848308       1107       1072     135161      77554
1717848318       1025        988     127842      71789
1717848329       3004       2028    1215265     143585
1717848339       1898       1862     208712     135484
1717848349        974        932     123906      63643
1717848360       1072       1033     134534      74286
1717848370       1045       1010     126646      72331
1717848380       1362       1325     159272      96200
1717848391       1181        878     397930      61348
1717848402        953        911     125211      65178
1717848412        868        830     113843      59688
1717848423        886        848     114663      60491
1717848433       1154        854     392782      60256
1717848443        923        885     121630      62157
1717848453        908        870     114276      60098
1717848464        907        878     115063      69630
1717848474        855        817     113108      58613
1717848484        859        822     116247      59344
1717848494       4934       3459    3166085    1553419
1717848505       3650      15500     317825   12831370
1717848515       1374       1337     151684      98459
1717848525       2214       2158     234027     157059
1717848536       1620       2237     179995     808507
1717848546      19846       6376   18033147    3615670
1717848556       1020        976     130105      68801
1717848566        996        952     130525      68243
1717848577       1641       4508     177163    3202037
1717848587       2125       2077     232874     151231
1717848597       1591       2908     174879    1546918
1717848608        941        900     122408      64273
1717848618       1096       1052     140097      76436
1717848628       2236       2465     239493     444607
1717848638       3171       2279    1151419     163860
1717848649       1022        981     126818      67687
1717848659       1186       1147     139235      82384
1717848669       2971       1980    1229925     141075
1717848680       1980       1941     215544     140662
1717848690        911        872     120294      62790
1717848700       1125       1084     139701      78598
1717848711       1437       1397     167790      99979
1717848721       1298        987     420167      69920
1717848731       1269        959     413747      67255
1717848741        887        852     115903      61112
1717848752        944        906     117270      62153
1717848762        888        849     115917      60567
1717848772        907        869     121804      61846
1717848783        903        865     116632      61610
1717848793        871        832     114880      59999
1717848803        913        876     117973      62128
1717848813        893        856     120151      61402
1717848824        901        861     117265      61453
1717848834        911        874     117130      61885
1717848844        876        838     116918      60265
1717848854        994        953     123956      64036
1717848865        868        830     114967      59964
1717848875        913        877     117013      62009
1717848885        885        846     117325      60680
1717848896        943        901     122984      63188
1717848906        865        830     114751      59954
1717848916        875        837     115132      60214
1717848926        917        877     118845      62103
1717848937        905        867     121151      61699
1717848947        905        867     116715      61661
1717848957        949        910     117444      62507
1717848967       1307       1268     150897      90018
1717848978       1077       1039     129488      74599
1717848988        915        876     117471      62288
1717848998        896        857     120151      61185
1717849009        915        878     117282      62195
1717849019        873        834     114924      60058
1717849029        879        841     116351      60472
1717849039        937        900     122056      63287
1717849050        894        855     115694      60848
1717849060       1161       1124     137276      80514
1717849070        875        837     117283      60290
1717849080        893        853     120051      61291
1717849091        919        880     117257      62183
1717849101        871        831     115049      60088
1717849111        923        882     119261      62273
1717849121        894        855     119985      61382
1717849132        905        866     116564      61546
1717849142        867        828     114851      59913
1717849152        938        898     119326      62231
1717849163        954        912     122890      63372
1717849173        869        830     114781      59908
1717849183        903        863     116633      61544
1717849193        897        857     117852      61097
1717849204        923        884     120295      62797
1717849214        879        840     115277      60363
1717849224        865        826     116136      59770
1717849234        919        883     117257      62282
1717849245        895        856     119676      61415
1717849255        952        913     117720      62458
1717849265        894        856     116905      60765
1717849276        909        872     116762      61794
1717849286        901        861     120794      61547
1717849296        911        874     116861      61885
1717849307        864        835     114752      67022
1717849317       1095       1058     130768      77425
1717849327       3087       1002    2306556      64361
1717849337        847        814     111479      58597
1717849348        883        846     113384      60068
1717849358        900        864     113882      59280
1717849368        868        832     116577      59509
1717849379        887        850     113414      60154
1717849389        851        816     111800      58678
1717849399        919        882     117463      62042
1717849409        897        868     118766      69915
1717849420       1113       3721     123426    2878940
1717849430        841        805     111380      58238
1717849440        873        838     114032      59531
1717849450        912        872     120289      61350
1717849461        896        860     112146      59107
1717849471        865        831     112549      59380
1717849481        871        833     113804      59309
1717849492        866        828     117274      59375
1717849502        877        844     112864      59799
1717849512        841        804     111490      58237
1717849523        910        873     119155      61357
1717849533        849        812     111776      58579
1717849543        883        846     113247      59940
1717849554        847        810     112381      58322
1717849564        918        880     117811      60340
1717849574        881        844     113342      60009
1717849584        837        800     111134      57975
1717849595        897        859     115598      60458
1717849605        876        838     117732      60855
1717849615        895        858     114891      61484
1717849626        849        812     111830      58569
1717849636        871        835     114644      60552
1717849646       1017        985     128691      77118
1717849657        878        841     111833      58573
1717849667        888        851     113051      59883
1717849677        871        833     115064      59471
1717849687        903        864     119354      61032
1717849698        839        810     109976      65544
1717849708     298660      14097  303931505     234621
1717849718       1626       5980     163226    4752691
1717849729        870        829     116830      59587
1717849739       7490       1166    6821444      65269
1717849749        905        865     119970      61702
1717849759        966        927     120454      62688
1717849770        873        836     115129      59578
1717849780       1004       1004     126302     108974
1717849790        905        866     118219      61091
1717849800       1412       1387     155344     112592
1717849811       1493       1235     386103      95124
1717849821        701        670      93651      48041
1717849831        745        714      96461      50165
1717849841        711        682      93332      48778
1717849852        745        716      95649      50421
1717849862        744        716      94672      49086
1717849872        750        720      96304      50332
1717849882        764        735      96719      51146
1717849893        707        678      94452      48584
1717849903        755        725      97126      50639
1717849913        712        682      94499      48683
1717849923        775        745      97942      51545
1717849934        707        677      94263      48551
1717849944        757        729      97080      50927
1717849954        710        681      94287      48682
1717849964        800        769      97429      51150
1717849975        827        807     104941      65054
1717849985        719        690      95803      49058
1717849995        738        707      96481      49891
1717850005        729        697      96044      49168
1717850016        758        728      97390      50809
1717850026        719        688      95671      48916
1717850036        755        724      97107      50652
1717850046        714        686      90470      48537
1717850057        679        650      88883      46992
1717850067        779        749      93497      49973
1717850077        717        687      95158      48746
1717850087        752        723      96328      50644
1717850098        698        668      92778      47726
1717850108        737        708      95267      49698
1717850118        716        686      93577      48545
1717850128        745        715      96745      52147
1717850139        886        857     101458      61088
1717850149       3223        779    2663079      48912
1717850159        694        665      87153      46895
1717850169        724        695      87124      46904
1717850180        694        664      88032      46876
1717850190        684        653      90844      46656
1717850200        708        679      87921      47598
1717850210        664        634      85856      45685
1717850221        716        685      90120      47870
1717850231        672        641      91117      46110
1717850241        694        667      87331      47236
1717850251        698        669      87630      47291
1717850262        701        671      88600      46639
1717850272        737        708      92367      48321
1717850282        670        641      86039      45869
1717850292        702        673      87738      47421
1717850303        674        644      87811      45966
1717850313        692        661      91951      47020
1717850323        694        665      87174      46961
1717850333        674        645      86352      46147
1717850344        702        672      89174      47240
1717850354        701        668      92979      47109
1717850364        733        704      87966      47564
1717850374        675        646      85763      45780
1717850385        698        668      91026      46923
1717850395        677        649      85426      46029
1717850405        659        631      84458      45050
1717850415        693        665      88185      46761
1717850426        691        661      90124      46560
1717850436        647        622      83942      44763
1717850446        916        890     102943      64349
1717850456       3106        761    2561927      47473
1717850466        709        684      84377      45878
1717850477        653        628      82575      44385
1717850487        640        612      83273      44050
1717850497        697        670      89703      46549
1717850507        638        613      82311      44002
1717850518        680        653      84222      45751
1717850528        646        619      84429      44274
1717850538      62752       3653   63390347      85595
1717850548     236935      12895  240664180    1588260
1717850559        699        673      86348      47046
1717850569       7274        978    6783337      50136
1717850579        735        706      91952      48338
1717850589        678        650      90477      46511
1717850600        686        658      88909      46167
1717850610        780        754      96463      53370
1717850620        706        678      92150      48025
1717850630        732        703      91067      49910
1717850641       1697       1454     395328     117751
1717850651        504        484      65010      34304
1717850661        534        516      65915      35747
1717850671        554        538      66010      35277
1717850681        537        517      66701      35572
1717850692        535        517      66505      35975
1717850702        582        567      69533      40371
1717850712        516        495      66366      34709
1717850722        544        522      67716      35798
1717850732        524        506      65520      35254
1717850743        492        473      64300      33695
1717850753        521        511      65225      42911
1717850763        518        499      66062      34360
1717850773        547        529      64772      34521
1717850784     170151       8086  173084759     147060
1717850794     129429      11406  130918367    4933397
1717850804        486        468      60341      33239
1717850814       3934        638    3561505      36229
1717850824       3946        659    3549695      37042
1717850835        623        606      75079      44455
1717850845        629        614      68424      42960
1717850855       3223        584    2861351      34442
1717850865        591        614      65925      79820
1717850875        500        484      56053      31599
1717850886       1627       1387     386473     113385
1717850896        362        352      42811      23280
1717850906        332        321      41796      21870
1717850916        350        341      42105      22767
1717850926        320        312      39381      21556
1717850937        370        359      41971      23611
1717850947        323        311      40145      21389
1717850957        360        349      41460      23338
1717850967        353        342      40556      22919
1717850977        371        361      40310      22362
1717850988        350        340      41523      22938
1717850998        319        309      39221      21393
1717851008        356        347      40872      23352
1717851018        338        330      40295      22522
1717851028        346        337      41197      22897
1717851039        322        315      40145      21667
1717851049        324        315      40868      21788
1717851059        348        339      41474      22892
1717851069        334        328      40664      21799
1717851079        398        388      43365      23794
1717851090        332        319      41610      21696
1717851100        346        336      42378      22894
1717851110     298231      13616  303889511     202751
1717851120        828       2200      75215    1506352
1717851130        343        333      37852      22733
1717851141       6967        611    6812549      25638
1717851151        401        392      46001      25872
1717851161        298        289      34267      20193
1717851171        373        366      37121      22660
1717851181        457        449      47947      31818
1717851192        318        306      40538      21232
1717851202       1101       1112      90671      92038
1717851212        102        104       8690       7248
1717851222        162        162      11380       9752
1717851232        415        165     280226       9859
1717851242        150        153      11010       9433
1717851253        112        112       8961       7509
1717851263        106        107      10374       7533
1717851273        220        219      16992      11183
1717851283        117        117       8739       7420
1717851293        154        155      11040       9453
1717851303        126        125      12360       8269
1717851314        171        170      14471      10181
1717851324        104        104       8733       7241
1717851334        116        116       9213       7691
1717851344        176        174      17133      10627
1717851354        124        124      13969       8339
1717851364        176        174      17013      10627
1717851375        181        180      15297       9565
1717851385        147        147      14033       9124
1717851395        174        175      16208      10647
1717851405        134        136      13978       9064
1717851415        176        175      16189      10672
1717851425        132        133      14633       8832
1717851436        193        195      16954      11557
1717851446        146        147      15469       9870
1717851456        146        146      15338       9232
1717851467        181        180      17430      10684
1717851477        187        184      15874       9664
1717851487        181        180      16926      10454
1717851497        152        150      16215       9299
1717851508        167        167      14892      10385
1717851518        146        147      14054       9341
1717851528        172        172      15087      10703
1717851538        140        140      13639       9035
1717851548        140        141      14427       9254
1717851558        170        170      14988      10374
1717851569        134        135      13160       9111
1717851579        197        199      15377      10704
1717851589        151        152      14057       9351
1717851599        168        167      15971      10404
1717851609        138        141      14718       9075
1717851619        132        133      14169       8940
1717851630        172        172      16433      10631
1717851640        128        131      14877       8824
1717851650        172        172      17189      10523
1717851660        151        152      16661       9601
1717851670        165        165      16616      10109
1717851680        171        170      16264       9206
1717851691        201        199      18489      11172
1717851701        136        135      14613       8840
1717851711        136        136      14025       8885
1717851721        176        177      16721      10834
1717851731        138        137      15086       8943
1717851741        175        177      17342      10797
1717851752        150        149      16228       9273
1717851762        166        165      15894      10320
1717851772        138        139      14892       9002
1717851782        217        218      18525      14073
1717851792        165        164      15798      10034
1717851802        124        126      13731       8609
1717851813        169        171      16136      10465
1717851823        136        134      15037       8839
1717851833        174        172      16940      10300
1717851843        138        138      15900       8888
1717851853        175        174      16195      10547
1717851863        138        137      14918       9011
1717851874        143        146      14434       9280
1717851884        208        206      16489      10597
1717851894        140        141      13402       9229
1717851904        167        171      15045      10440
1717851914        133        133      14004       8905
1717851924        143        142      14555       9101
1717851935        167        168      16290      10278
1717851945        134        134      14100       8794
1717851955        160        159      16061      10040
1717851965        143        142      15397       9075
1717851975        143        140      15866       8994
1717851986        224        221      18435      11104
1717851996        135        134      14493       8875
1717852006        168        167      16505      10308
1717852016        146        146      15186       9592
1717852026        154        153      15640       9671
1717852037        138        139      14469       9170
1717852047        174        172      16468      10488
1717852057        136        134      15155       8807
1717852067        148        145      15887       9116
1717852077        171        168      17477      10097
1717852087        188        187      14323       9700
1717852098        166        165      15638      10361
1717852108        142        141      14720       9427
1717852118        166        163      16150      10079
1717852128        156        154      15069       9669
1717852138        130        129      13588       8755
1717852148        168        168      14823      10465
1717852159        146        145      14262       9483
1717852169        156        155      14853       9730
1717852179        127        127      13097       8550
1717852189        230        229      16826      11627
1717852199        118        117      13660       8209
1717852209        136        134      14851       8855
1717852220        176        175      17063      10612
1717852230        132        133      14613       8832
1717852240        170        170      15776      10480
1717852250        133        133      14380       8749
1717852260        177        177      16746      10547
1717852271        134        133      14398       8797
1717852281        145        145      14023       9128
1717852291        205        206      16242      10718
1717852301        135        135      13582       8801
1717852312        161        161      15563      10128
1717852322        137        138      13638       9002
1717852332        156        155      15153       9858
1717852342        138        141      14667       9254
1717852353        168        168      16631      10377
1717852363        138        137      14502       8991
1717852373        170        172      15762      10702
1717852383        155        157      14111       8712
1717852393        139        139      14326       8679
1717852404        170        171      16934      10513
1717852414        122        123      14000       8311
1717852424        182        181      17408      10945
1717852434        126        125      15120       8485
1717852444        122        122      14090       8162
1717852454        173        171      17146      10443
1717852465        140        139      14809       8926
1717852475        164        166      15817      10347
1717852485        168        168      15038       9096
1717852495        185        183      17027      10672
1717852505        136        139      14525       8984
1717852515        128        128      14825       8675
1717852526        164        164      15997      10257
1717852536        130        132      14860       8854
1717852546        175        175      17207      10580
1717852556        132        131      14841       8846
1717852566        423        424      35185      28591
1717852577        458        457      38928      32070
1717852587        244        241      21037      13435
1717852597        155        156      14985       9499
1717852607        139        139      15291       9096
1717852617        168        167      15969      10308
1717852627        144        143      15099       9078
1717852638        176        177      17012      10653
1717852648        150        148      15504       9492
1717852658        501        501      34564      27521
1717852668        333        335      24532      19397
1717852678        188        186      16525      11181
1717852688        159        160      13522       8808
1717852699        145        145      13804       8937
1717852709        163        162      15837      10155
1717852719        146        145      15082       9139
1717852729        170        167      16892      10261
1717852739        140        139      13945       9082
1717852749        166        165      15798      10339
1717852760        128        126      14167       8455
1717852770        134        132      14948       8716
1717852780        164        163      15847      10126
1717852790        161        161      14301       9048
1717852800        175        175      15873      10410
1717852810        124        124      14597       8591
1717852821        174        173      17030      10473
1717852831        130        131      14708       9029
1717852841        137        137      15016       8803
1717852851        162        161      17014      10103
1717852861        146        145      15146       9059
1717852872        164        162      16829      10027
1717852882        442        441      31472      24841
1717852892        473        474      30995      24687
1717852902        140        140      14328       8630
1717852912        137        137      14216       8855
1717852922        164        164      15109      10195
1717852933        596        594      38827      32653
1717852943        312        314      24032      18062
1717852953        142        142      14096       9006
1717852963        312        310      28975      22405
1717852974        120        121      13057       8190
1717852984        126        128      13174       8748
1717852994        207        207      15843      10766
1717853004        146        147      14532       9255
1717853014        172        171      16167      10296
1717853024        134        131      13980       8709
1717853035        166        167      14980      10283
1717853045        133        134      13856       8782
1717853055        154        154      14842      10126
1717853065        528        528      34273      29391
1717853075        308        311      22787      18110
1717853085        153        154      14821       9831
1717853096        184        183      14833       9518
1717853106        157        160      15778      10008
1717853116        132        133      14073       8892
1717853126        164        164      16293      10437
1717853136        134        137      14928       8935
1717853147        112        112      14361       7863
1717853157        174        173      16802      10655
1717853167        126        128      15068       8646
1717853177        174        174      17650      10656
1717853187        138        137      15420       8985
1717853197        216        216      17651      10841
1717853208        135        134      15117       8899
1717853218        142        140      15644       8974
1717853228        169        169      17620      10359
1717853238        146        148      14761       9445
1717853248        162        161      15370      10211
1717853258        134        135      14304       8923
1717853269        136        137      14707       8944
1717853279        159        158      16399       9921
1717853289        429        430      30134      23882
1717853299        199        199      15551      10282
1717853309        142        141      14670       9065
1717853319        166        166      16406      10238
1717853330        148        145      15741       9190
1717853340        130        128      14486       8508
1717853350        400        400      27565      22613
1717853360        208        208      17965      12933
1717853370        468        468      32069      26101
1717853380        130        129      14422       8675
1717853391        168        168      15583      10343
1717853401        484        483      31601      25340
1717853411        153        152      16094      10356
1717853421        169        168      16944      10430
1717853431        147        149      15293       9430
1717853441        162        162      15652      10164
1717853452        138        137      14650       8857
1717853462        168        168      16775      10377
1717853472        150        148      16032       9314
1717853482        167        167      15625      10344
1717853492        149        148      14627       9147
1717853503        171        170      15073       9003
1717853513        180        178      17151      10599
1717853523        134        133      15666       8721
