1717837436       3881       3880     379103     283655
1717837446      25397      26406    2186759    4102922
1717837457      28292      29533    2319681    3377261
1717837467      10963      10941    1059776     959232
1717837477       8825       8810     904661     711236
1717837487       5446      68976     266280   67719977
1717837497       5431       5411     570890     442595
1717837508      34034     474237    1574032  468808551
1717837518       3386      34172     248283   32934496
1717837528        993        950     129523      68364
1717837539       1116       1060     152920      72038
1717837549       5786       3028    3600355     627023
1717837559       1481       1437     169186     102918
1717837569        995        951     129991      67999
1717837580       1478       1434     170544     101633
1717837591       2594       1495    1283406     104124
1717837602       1192       1148     148909      83137
1717837612       1690       1644     192187     117430
1717837622       1002        957     132110      68431
1717837633       1290       1244     158203      87293
1717837643       1829       1791     198755     126533
1717837653       2038       2003     204224     149350
1717837665      10897      11788    1036208    1871675
1717837675      33762      25484   11159213    2119644
1717837688       4098       2814    1609420     205951
1717837698       7284       1351    6365893      83242
1717837708       1482       1431     177316     103358
1717837719       1184       1131     155399      81355
1717837730       1294       1217     184454      84836
1717837740       2361       1235    1283521      84352
1717837750       1163       1110     152897      79341
1717837761       1230       1173     161517      82483
1717837771       1179       1116     167529      79675
1717837781       1214       1161     157050      81328
1717837792       1143       1091     151421      78513
1717837802       1150       1098     152065      78766
1717837812       1206       1152     156640      81051
1717837823       1189       1136     156804      80989
1717837833       1159       1109     152213      79307
1717837843       1186       1134     153031      79286
1717837854       1195       1140     156069      80344
1717837864       1188       1136     156246      80391
1717837874      39043       3416   38187267     153160
1717837885     115221       8546  114296531     330878
1717837895       2961       2919     299246     215868
1717837905       8803       4839    4644408     346607
1717837916       4239       1620    2923773     109734
1717837926        997        958     126816      68490
1717837936        955        918     123865      65449
1717837947       1039        997     127018      67157
1717837957        975        934     130949      66197
1717837967        978        938     124647      66093
1717837977        962        920     124135      65459
1717837988        987        947     126015      66386
1717837998        953        911     128095      65182
1717838008        973        933     124357      65812
1717838019        973        933     124574      65921
1717838029        977        935     125461      65968
1717838039        983        939     130271      66322
1717838049       1017        977     124833      66322
1717838060        971        931     124550      65870
1717838070        947        908     124899      64702
1717838080        971        930     128015      66224
1717838091       1147       1107     140258      79827
1717838101       4736       2960    2158226     221642
1717838111       6621       3967    3174707     294628
1717838122       2490       2455     254898     182456
1717838132       1876        999    1020596      66961
1717838142        919        879     116654      61523
1717838152        931        892     116711      61894
1717838163       1019        980     125022      69028
1717838173       1412       1370     157464      97362
1717838183        941        902     119010      63898
1717838194        924        885     117353      62340
1717838204       7016       6133    1525551     509548
1717838214      12354      11576    1899694     969666
1717838224       8542       8507     835812     716522
1717838235       9293       8377    1758263     698444
1717838245       1000        961     124515      66199
1717838255       1189       1150     137256      81307
1717838265       1154       1021     229889      72294
1717838276       1091       1048     134403      73099
1717838286        907        866     119545      61845
1717838296        988        948     122125      65151
1717838307        891        850     120327      61143
1717838317       1014        972     128152      68550
1717838327       8668       8633     846872     724925
1717838337      15592      15545    1513310    1320096
1717838348       1027        969     141747      64792
1717838358       1108        982     221009      67893
1717838368       8505       8300     995869     696807
1717838378       1097       1045     144602      72440
1717838389       2193       1211    1151775      83245
1717838399       1255       1216     149112      88435
1717838409        925        886     120753      62424
1717838420        954        857     179048      61190
1717838430       1627       1126     636710      78781
1717838441        905        867     116709      61681
1717838451        936        898     116604      61456
1717838462       1360        884     583455      61853
1717838472        945        902     127060      63524
1717838482        879        840     115460      60543
1717838492        885        848     115441      60644
1717838503        889        851     118193      61147
1717838513        939        899     124782      63286
1717838523        875        838     115226      60349
1717838534        893        854     117679      60972
1717838544        922        883     124875      62797
1717838554        947        910     116770      61933
1717838564        883        844     116074      60703
1717838575        907        869     118158      61642
1717838586        915        872     124070      61931
1717838596        919        881     117142      62184
1717838607        875        837     116060      60398
1717838617        907        870     118228      61839
1717838627        940        895     125738      62800
1717838641        896        859     117030      61024
1717838652        947        907     119780      62248
1717838663        924        883     122063      62255
1717838673        903        867     116630      61682
1717838683        893        851     118265      60791
1717838694        908        869     118731      61719
1717838704        931        894     122728      62939
1717838714        874        835     116911      60281
1717838725        918        876     118826      62157
1717838736        889        849     117765      60973
1717838747        920        881     119957      62393
1717838757        942        901     119497      61687
1717838767        893        854     116513      61024
1717838778        904        864     118626      61617
1717838788        925        883     122247      62337
1717838798        899        859     117406      61316
1717838809        907        867     117478      61520
1717838819        893        853     118317      61155
1717838829        919        878     122886      62261
1717838839        905        867     117948      61786
1717838850        923        883     119337      61271
1717838860        923        881     118791      61821
1717838870        916        877     120407      62199
1717838881        871        832     115660      60183
1717838891        925        883     121655      62225
1717838901        887        848     116314      60911
1717838911        917        876     122105      62114
1717838922        889        850     115937      60946
1717838932        903        862     120858      61421
1717838942        893        854     116135      61128
1717838953        951        907     122599      62228
1717838963        904        865     116839      61149
1717838973        919        878     120462      62093
1717838983        879        838     116682      60399
1717838994        941        899     122249      63009
1717839004        889        848     118245      60776
1717839014        923        883     119864      62360
1717839025        891        851     119646      61176
1717839035        905        868     117589      61718
1717839045        899        859     118644      61320
1717839056        937        896     120631      61880
1717839066        959        921     119619      64965
1717839076        964        923     130190      65030
1717839086        935        893     124432      63176
1717839097        962        920     127955      64270
1717839107        871        833     115046      60186
1717839117        905        866     116503      61514
1717839128        906        867     123897      62081
1717839138        903        868     116395      61686
1717839148        945        904     127463      63862
1717839158        991        952     127719      64398
1717839169        927        887     123662      62968
1717839179        877        838     115063      60240
1717839189        893        856     116135      61194
1717839200        907        865     119550      61376
1717839210        923        883     123964      62584
1717839220        902        864     117029      62178
1717839230        891        851     117040      60818
1717839241        905        869     118129      61885
1717839251        932        891     125221      63037
1717839261        959        921     119444      64064
1717839271        965        928     129447      66840
1717839282        933        893     126277      64647
1717839293        965        926     129661      66760
1717839303        881        841     115799      61935
1717839314        899        860     116226      61289
1717839324        891        852     116748      61141
1717839334        941        896     129587      63146
1717839345        891        852     116036      61037
1717839355        919        880     116131      61062
1717839365        924        884     119236      62001
1717839375        897        855     121811      61197
1717839386        911        872     117172      62021
1717839396        871        832     114822      59989
1717839406        901        860     122033      61490
1717839417        915        874     121678      62049
1717839427        887        848     115894      60877
1717839437        899        861     118027      61457
1717839448        907        865     120456      61510
1717839458        949        908     121107      62426
1717839468        875        836     114564      59869
1717839478        920        881     119463      62325
1717839489        873        833     116675      60133
1717839499        913        872     121327      61932
1717839509        887        847     117836      60826
1717839520        887        847     118558      60770
1717839530        921        880     121661      62438
1717839540        891        851     117462      60896
1717839550        889        848     117787      60824
1717839561        935        896     116838      61735
1717839571        927        884     122498      62197
1717839581        909        868     120319      61638
1717839592        865        826     114749      59854
1717839602        907        868     116548      61605
1717839612        897        856     122513      61524
1717839622        917        878     119203      62168
1717839633        861        824     114625      59786
1717839643        899        861     116226      61322
1717839653        936        895     126301      63159
1717839664        920        883     116431      60817
1717839674       1025        987     127899      72217
1717839684        885        847     115669      60685
1717839694        925        883     126283      62561
1717839705        891        853     115756      60910
1717839715        883        845     115640      60706
1717839725        925        886     125751      62764
1717839736        879        842     115442      60557
1717839746        899        862     116271      61486
1717839756        877        838     117987      60400
1717839766        969        926     125165      62778
1717839777        907        869     116622      61686
1717839787        861        824     114551      59738
1717839797        922        883     120740      62308
1717839808        891        850     121776      61087
1717839818        915        878     116944      62035
1717839828        875        835     118060      60276
1717839838        903        864     117308      61371
1717839849        915        875     121804      62298
1717839859        893        855     115096      60220
1717839869        937        897     120618      62350
1717839880        879        842     115236      60445
1717839890        911        871     121466      62138
1717839900        907        870     119562      61671
1717839910        891        851     116818      61086
1717839921        909        869     121363      61839
1717839931        897        857     118473      61337
1717839941        901        861     117277      61295
1717839952        869        830     115795      60074
1717839962        933        893     120400      61894
1717839972        929        887     120584      62206
1717839982        887        848     115558      60695
1717839993        893        853     117827      61043
1717840003        921        878     123869      62174
1717840013        887        848     117290      60967
1717840024        873        834     114865      60058
1717840034        889        849     118065      60965
1717840044        925        887     121410      62872
1717840054        887        846     117674      60685
1717840065        923        884     116318      61237
1717840075        913        873     119781      61673
1717840086        921        880     123149      62408
1717840096        867        828     114922      59993
1717840106        905        863     120159      61307
1717840117        915        875     121804      62428
1717840127        889        850     116393      60842
1717840137        887        848     116568      60959
1717840147        887        847     116952      60666
1717840158        910        866     123574      61683
1717840168        948        909     117003      62017
1717840178        880        840     117036      60425
1717840189        913        873     117975      61793
1717840199        909        867     122807      61881
1717840209        943        901     126554      63708
1717840219        867        829     114848      59978
1717840230        881        844     115188      60422
1717840240        897        859     117370      61291
1717840250        915        876     123835      62421
1717840261        889        852     116012      61060
1717840271        921        883     115466      60691
1717840281        887        848     117250      60859
1717840292        941        900     125308      63292
1717840302        873        835     115146      60233
1717840312        889        851     115658      60819
1717840323        911        870     121853      61729
1717840333        913        873     121630      62147
1717840343        945        904     128326      63650
1717840354        934        893     127313      63289
1717840364        976        935     128189      64531
1717840374        956        913     127726      63306
1717840384        923        885     122655      62818
1717840395        883        844     115641      60673
1717840405        893        856     115930      61082
1717840415        922        882     125683      62611
1717840426        883        845     115361      60546
1717840436        887        849     115838      60870
1717840446        897        860     117148      61328
1717840457        905        864     122772      61732
1717840467        929        890     117717      61513
1717840477        899        862     115668      60972
1717840488        926        884     122139      62305
1717840498        913        873     120558      62069
1717840508        889        853     116578      60833
1717840519        869        831     115132      60117
1717840529        921        880     121648      62240
1717840539        908        870     120966      61794
1717840549        894        854     117708      60916
1717840560        899        858     119753      61343
1717840570        929        893     117312      61617
1717840580        905        865     119034      61313
1717840591        899        860     119351      61193
1717840601        905        865     119662      61593
1717840611        937        894     127416      63074
1717840621        922        885     124063      63250
1717840632        907        867     122391      62080
1717840642        893        858     116181      61373
1717840652        893        856     115874      61060
1717840663        914        872     125591      62203
1717840673        952        915     117202      62265
1717840683        874        837     115068      60247
1717840693        911        871     118087      61702
1717840704        899        858     123679      61511
1717840714        897        860     116054      61216
1717840724        881        842     115616      60630
1717840734        909        871     120204      61893
1717840745        923        882     122869      62387
1717840755        879        840     115237      60379
1717840766        891        851     117201      61000
1717840776        961        920     120140      62412
1717840786        903        862     120945      61693
1717840796        889        850     115658      60786
1717840807        883        861     118782      61567
1717840817        917        859     117483      61230
1717840827        903        863     120955      61882
1717840838        867        831     114923      60092
1717840848        901        862     118466      61392
1717840858        906        865     123366      62007
1717840869        929        893     116805      61858
1717840879        905        865     118023      60782
1717840889        927        886     122001      62569
1717840899        887        849     116793      60884
1717840910        887        848     119357      60837
1717840920        897        859     117262      61291
1717840930        914        874     120583      62015
1717840940        893        857     117171      61306
1717840951        905        865     120820      61429
1717840961        897        857     118266      61281
1717840971        937        899     119893      61964
1717840982        887        850     115374      60530
1717840992        925        882     123034      62188
1717841002        889        851     116850      60927
1717841013        901        865     118978      61655
1717841023        885        846     117140      60914
1717841033        925        885     121464      62339
1717841044        875        837     118384      60506
1717841054        901        862     118277      61500
1717841064        911        871     125226      62314
1717841074        931        895     116568      61586
1717841085        899        861     115828      61042
1717841095        908        867     119403      61441
1717841105        936        898     126581      63362
1717841116        929        890     124261      63170
1717841126        912        872     124987      62532
1717841136        949        909     128707      63891
1717841147        923        880     127100      62683
1717841157        931        890     125777      63079
1717841167        891        855     123196      61800
1717841177        992        952     126778      64380
1717841188        934        891     127691      62832
1717841198        938        895     128100      63029
1717841208        918        879     123216      62571
1717841219        944        903     124011      63708
1717841229        935        894     127043      63381
1717841239        958        919     127837      64370
1717841249        883        844     115961      60761
1717841260        934        893     126636      63184
1717841270        932        890     127808      63224
1717841280        993        947     130096      63969
1717841291        873        834     115148      60200
1717841301        929        885     126200      62565
1717841311        925        884     125312      63086
1717841321        940        901     125871      63717
1717841332        925        882     124278      63412
1717841342        965        922     129201      65628
1717841352       1092       1051     150884      73751
1717841363        879        840     115931      60979
1717841373        908        869     120760      61557
1717841383        938        898     117712      61582
1717841393        937        896     124048      63248
1717841404        881        842     116158      60582
1717841414        910        871     120258      61685
1717841424        906        866     122771      62069
1717841435       3998       1022    3262305      64653
1717841445       1030        992     127803      71342
1717841455       5152       1426    4345528     353135
1717841465       5920       1152    5174932      70275
1717841476       4985       1506    4124040     388227
1717841486       5153       1161    4346184      72447
1717841496       4883       1477    4069207     412399
1717841507        915        875     124207      62332
1717841517        928        886     123768      62602
1717841527        921        881     123067      62575
1717841537        963        923     128383      64629
1717841548        947        903     127660      63552
1717841558        935        896     125948      63257
1717841568       5143       1153    4346603      72505
1717841579       4886       1480    4029157     371820
1717841589        935        897     123292      63140
1717841599        939        898     125722      63399
1717841609        921        881     123431      62713
1717841620        945        906     126200      63902
1717841630        917        878     124978      62896
1717841640        922        885     122737      62710
1717841651        937        895     127411      63547
1717841661        908        868     123270      61922
1717841671        955        916     128399      64465
1717841682        979        937     129599      64154
1717841692        917        877     123582      62091
1717841702        987        949     130989      66196
1717841712        923        881     124849      62742
1717841723        961        922     125864      65132
1717841733        927        884     127045      62757
1717841743        968        927     127007      65216
1717841754        940        901     125967      63960
1717841764        988        951     129769      67598
1717841775       1426       1386     160846      99649
1717841785       1031        991     131241      66822
1717841795        915        875     124863      62144
1717841806        966        927     128543      64818
1717841816        935        893     124957      63366
1717841826        964        924     128401      65179
1717841836        942        904     127546      64010
1717841847        916        875     123806      62253
1717841857        935        892     127567      63315
1717841867        917        877     123590      62535
1717841878        930        891     125825      63556
1717841888        977        936     125698      63834
1717841898        967        928     127958      65742
1717841909        895        854     123691      61553
1717841919        993        952     130847      66643
1717841929        924        882     123806      62468
1717841939        984        940     129797      65603
1717841950        912        871     123200      62119
1717841960        939        897     123087      63220
1717841970        925        883     123925      62608
1717841981        977        933     125623      63500
1717841991        917        875     121949      61750
1717842001        943        903     122691      63606
1717842011        927        887     122643      62982
1717842022        925        885     123099      63246
1717842032        924        885     123664      62731
1717842042        939        900     122771      63237
1717842053        917        877     122412      62363
1717842063        899        861     120823      61558
1717842073        914        873     122037      62124
1717842083        968        927     122762      63277
1717842094        931        891     121163      62586
1717842104        921        881     120552      62385
1717842114        917        874     120880      62208
1717842125        931        890     121747      62725
1717842135        907        867     120417      61934
1717842145        935        897     120276      63461
1717842156        897        860     119138      61768
1717842166        937        898     121082      63254
1717842176        887        848     118521      61273
1717842186        959        920     121109      63271
1717842197        919        881     120277      62296
1717842207        933        894     121672      63072
1717842217        919        879     121709      62614
1717842227        927        887     121335      62792
1717842238        907        867     121143      62042
1717842248        913        875     121466      62195
1717842258        923        884     121723      62777
1717842269        903        865     120035      61848
1717842279        913        876     121262      62496
1717842289        960        922     122060      62940
1717842300        938        897     122970      63203
1717842310        923        887     122475      62608
1717842320        907        868     121545      62049
1717842331        931        893     122903      63014
1717842341        896        858     120922      61594
1717842351        949        910     124499      64674
1717842361        913        875     120806      63221
1717842372        950        911     123803      65092
1717842382        914        874     122377      62131
1717842392        959        918     123031      62441
1717842403        937        895     123956      63751
1717842413        906        867     120363      61908
1717842423        925        885     121406      62593
1717842434        903        864     120179      61867
1717842444        929        891     121531      62946
1717842454        893        854     120438      61304
1717842464        937        896     121988      63262
1717842475        905        867     121216      62865
1717842485        930        890     120786      62212
1717842495        957        917     122349      63380
1717842506        895        856     119597      61343
1717842516        915        877     121395      62494
1717842526        927        886     121935      62625
1717842536        905        864     120556      61784
1717842547        905        864     120724      61624
1717842557        915        876     120209      62521
1717842568        907        868     119987      61997
1717842578        888        849     119670      61197
1717842588        966        927     122613      63442
1717842599        898        858     119500      61310
1717842609        935        896     122157      63271
1717842619        891        853     120713      61462
1717842629        909        869     121694      61995
1717842640        897        859     121834      61701
1717842650        929        891     122720      63079
1717842660        891        854     121569      61543
1717842671        910        872     122499      62071
1717842681        927        886     123803      62725
1717842691        967        928     123833      63281
1717842701        923        882     122731      62055
1717842712        914        874     122229      62019
1717842722        940        902     122282      63488
1717842732        893        852     120084      61078
1717842743        897        861     120187      61824
1717842753        942        904     122505      63467
1717842763        879        838     120003      60601
1717842774        937        897     122894      63005
1717842784        893        854     120576      61304
1717842794        980        939     123330      63469
1717842804        901        861     121714      61531
1717842815        921        881     122736      62169
1717842825        926        885     122835      62584
1717842835        915        875     120575      62112
1717842846        915        876     121381      62353
1717842856        915        876     120681      62301
1717842866        919        878     121461      62469
1717842877        899        863     118897      61780
1717842887        925        886     120692      62868
1717842897        949        909     120352      62231
1717842907        903        866     120357      61825
1717842918        921        882     120546      62526
1717842928        893        854     119022      61520
1717842938        905        866     120068      62066
1717842949        903        864     120217      61863
1717842959        911        871     121117      62198
1717842969        900        861     119840      61631
1717842979        941        900     122982      64706
1717842990        943        902     121678      62478
1717843001        967        924     123606      63944
1717843011        891        850     119911      60987
1717843021        893        854     118998      61520
1717843032        921        882     120630      62682
1717843042        913        876     120935      62627
1717843052        909        869     120786      61995
1717843062        893        853     120728      61427
1717843073        929        890     121736      62998
1717843083        887        847     120237      61106
1717843093        943        903     122029      62300
1717843104        932        891     122490      62527
1717843114        905        866     120387      61954
1717843124        912        873     121278      62289
1717843134        913        873     121460      62111
1717843145        919        878     122414      62469
1717843155        901        861     120823      61631
1717843165        938        898     122332      63465
1717843176        893        853     120235      61219
1717843186        900        859     121203      61595
1717843196        960        919     123099      62887
1717843206        917        876     121275      61938
1717843217        927        899     122550      63054
1717843227        901        863     122071      61749
1717843237        928        890     122450      62731
1717843248        904        864     122057      61792
1717843258        926        887     121508      62814
1717843268        889        852     120291      61296
1717843279        943        902     122907      63293
1717843289        903        860     121432      61411
1717843299        958        918     121806      62459
1717843309        916        879     119440      62598
1717843320        930        891     121315      63763
1717843330       1259       1421     219175     364682
1717843340        913       1017     120313      67012
1717843351        927        888     122957      63011
1717843361       1395       1545     232611     365606
1717843371       1011        903     199054      63904
1717843381        899        861     121006      61614
1717843392        899        859     120298      61834
1717843402        971        934     123520      63503
1717843412        897        860     121029      61768
1717843423        934        894     122848      63037
1717843433        907        867     122200      61956
1717843443        913        875     121725      62221
1717843453        935        895     123544      63290
1717843464        909        871     121561      62121
1717843474        922        884     122526      62561
1717843484        914        874     121430      62079
1717843495       1829       1304     670377      91602
1717843505        931        891     121522      62305
1717843515        915        874     121767      62089
1717843525       1326       1040     396584      73750
1717843536        921        881     122772      62709
1717843546        921        881     122820      62653
1717843556        923        882     122941      62443
1717843567        905        862     123144      61692
1717843577       1055       1013     134384      73277
1717843587        916        873     122793      61907
1717843598       1653       1729     344921     401700
1717843608        937        895     121233      62652
1717843618        960        918     124657      64809
1717843628       2160       2081     540603     423115
1717843639        916        878     120590      62201
1717843649        892        853     119310      61269
1717843659        938        898     121545      63061
1717843670        898        858     119369      61401
1717843680        929        890     120668      63168
1717843690       5527       5269     745704     393660
1717843701       6246       1941    4743066     128078
1717843711       3551       1378    2431869      92647
1717843721        947        906     121944      64330
1717843731        901        860     119947      62397
1717843742        953        912     123099      64659
1717843752       1554       1812     178907     427508
1717843763       4380       1619    3079010     108696
1717843773       2216       1705    1006025     439976
1717843783       1359       1058     415778      75217
1717843794        952        911     122903      65319
1717843804        999        958     123547      65962
1717843814       1880       2279     356611     754569
1717843824        961        919     129531      65330
1717843835       1482       1444     172287     107025
1717843845       3953       1654    2595880     114389
1717843855       4961       2698    2974473     518544
1717843865       1365       1327     160012      97357
1717843876       1034        995     131349      72250
1717843886       4340       1990    2678638     139309
1717843897       2972       1740    1464557     120591
1717843907        962        924     119193      63042
1717843917        884        877     117390      62260
1717843927        943        929     123554      64437
1717843938        945        912     125158      65044
1717843948       2683       2043     869576     153639
1717843958       5831       5095    1243066     373334
1717843968       6148       1803    4781809     117859
1717843979       4017       1529    2783864     104062
1717843989       1450       1136     438661      79809
1717843999        987        945     126196      66775
1717844010        964        923     124075      64952
1717844020        980        939     129062      66815
1717844030       3807       1609    2484818     109593
1717844041       1098       1064     135488      76268
1717844051       1764       1567     901357      87301
1717844061       1185       1144     145212      82480
1717844071       3134       1817    1568617     129731
1717844082        979        936     126989      66717
1717844092       4009       2871    1817491     555774
1717844102       5824       2340    3918419     161484
1717844113       1025        984     128501      69155
1717844123       7722       2783    5509007     193071
1717844133       6775       1975    5289009     130597
1717844144       1694       1653     192741     122434
1717844154      10209       6049    4963151     442308
1717844164       9232       6529    3464678     482032
1717844174       7576       2536    5580106     172317
1717844185       6566       1627    5391950     103193
1717844195       4326       1643    3004636     113493
1717844205       1058       1014     135521      70731
1717844216       1034        988     135032      70437
1717844227       1312       1021     399720      72156
1717844237       1074       1030     144642      73182
1717844247       3054       1748    1548491     123286
1717844257       4672       1770    3242958     120070
1717844268       3276       1211    2294891      80218
1717844278       4224       1574    2961756     106253
1717844288       1056       1012     136525      71784
1717844299       1012        967     134628      69909
1717844309       1105       1059     138455      72394
1717844319       1055       1008     144440      71897
1717844330       1032        987     135339      70659
1717844340       1574       1532     183943     115076
1717844350       3682       1295    2655771      85014
1717844360       3359       2432    1584130     556906
1717844371       4456       1724    3060303     118749
1717844381       5290       1724    3948097     115393
1717844391       5571       2537    3450895     181050
1717844402       4322       1698    2944966     115629
1717844412       2961       1599    1592147     109281
1717844422       2566       1407    1362216      99185
1717844433       4956       2124    3203951     147394
1717844443       1397       1098     416866      77127
1717844453       1036        991     135534      70841
1717844464       1032        988     135616      70852
1717844474       2039       1739     478555     126894
1717844484       2804       1414    1603188      97630
1717844495       3794       2157    1940373     153619
1717844505       1691       1399     437156      98607
1717844515       1436       1397     167816     100411
1717844525       2612       1404    1409024      98505
1717844536       3148       2060    1689314     494742
1717844546       1195       1153     149139      83769
1717844556       1013        970     133263      69541
1717844567       2442       1276    1358374      88255
1717844577       2460       1204    1444452      82413
1717844587       2770       1883    1469564     487389
1717844598       2577       1414    1366313      98405
1717844608       1049       1005     133364      70080
1717844618       1025        982     132787      69586
1717844629       1035        991     136385      70459
1717844639       1025        978     140471      70017
1717844649       1023        980     134773      69942
1717844659       2589       1268    1519843      86623
1717844670       1029        985     133469      70070
1717844680       4295       1705    2915577     115938
1717844690       2747       2708    1553407    1471557
1717844701       5956       3357    4319683    1492418
1717844711       3097       1524    1812072     103473
1717844721       3430       1692    2004164     119123
1717844732       4424       1692    3068782     114956
1717844742       4599       1991    3092046     270645
1717844752       3496       1692    2069670     116353
1717844762       1008        964     134844      70542
1717844773       1588       1256     467836      90281
1717844783       3275       2042    1499815     146906
1717844793       4111       1512    2898899     100400
1717844804       2332       2088     783071     487537
1717844814       3160       1758    1653076     120794
1717844824       1532       1489     179697     108026
1717844835        993        948     131099      68233
1717844845       2966       1461    1730446      99364
1717844855       1173       1127     146972      81523
1717844865       2517       1079    1624217      72858
1717844876       1181       1136     147410      81986
1717844886       3977       1306    2961433      86743
1717844896       3630       1966    1946093     140506
1717844907       3042       1407    1864607      97873
1717844917       1039        994     132186      68908
1717844927       2950       1802    1387976     130048
1717844938       4660       2761    2263046     203861
1717844948       1418       1372     170932     100793
1717844958       3516       4239     873152    1585719
1717844968       4078       3744    2076806    1684410
1717844979       1802       1379     573500      97509
1717844989       4397       2868    1892676     210866
1717844999       3637       3593     364716     263115
1717845010       1175       1036     240613      71476
1717845020       2652       1492    1366912     101753
1717845030       2654       1334    1524978      91361
1717845041       1034        985     139331      69527
1717845051       1222       1174     158080      84647
1717845061       2431       1085    1530493      72246
1717845071       2445       1215    1420392      84410
1717845082       1014        969     135405      68991
1717845092       2661       1233    1632158      84461
1717845102       1036        990     137386      69851
1717845113       4125       1486    2939245      98036
1717845123       1422       1380     169379     100757
1717845133       2710       1082    1828207      72306
1717845144        982        941     129750      67836
1717845154        998        957     130270      68273
1717845164       1012        965     134474      68850
1717845174       1249       1204     158086      87182
1717845185       2709       2405    1628786    1274557
1717845195       3696       2079    2040219     280137
1717845205        984        940     129803      67723
1717845216       1020        978     130209      68097
1717845226       4001       5355    1493581    2878389
1717845236       1138       1095     142885      78676
1717845247       1129       1087     142794      78644
1717845257       5970       5410    2875743    2213831
1717845267        968        927     126246      66493
1717845278        956        916     125340      65590
1717845288       4798       5717    2015653    2930264
1717845298       6346       8801     599454    3097536
1717845308       2091       2046     230004     149895
1717845319       2929       2887     299591     216151
1717845329       5126       5219     606924     622185
1717845339       3360       4372     586234    1604463
1717845350       5061      11273    2487970    8995283
1717845360       2367       2934     248643     806080
1717845370       5128       6274    2249984    3392047
1717845381       1748       1989     193639     418648
1717845391       3484       2757    1250814     424937
1717845401       1812       1997     199671     362051
1717845412       1927       1961     212308     207939
1717845422       2166       2194     232123     220018
1717845432       2185       2089     443694     301502
1717845442       2348       2107     532171     232782
1717845453       6324       8856    2870181    5469681
1717845463       2385       2814     249833     658168
1717845473       2039       2195     221137     344194
1717845484       2066       2108     263440     262259
1717845494       2354       2076     566757     234466
1717845504       5771       4888    1393026     365562
1717845514       2907       2872     295742     213165
1717845525       7291       7646    2215978    2480914
1717845535       2551       1646    1226930     234147
1717845545       1317       1277     157400      92552
1717845556       1923       2139     211164     408093
1717845566        950        906     126246      64749
1717845576       1077        959     215132      67455
1717845586       2700       1389    1520090      96481
1717845597       2896       3114    1562703    1759930
1717845607       3187       3347    1562733    1693108
1717845617       1202       1161     145929      82411
1717845628        960        918     123546      64879
1717845638       1071        937     226898      66198
1717845648        999        955     133599      67223
1717845659        936        894     123457      64442
1717845669       1664       1625     190763     118010
1717845679       1005        961     133077      67972
1717845689        952        910     123916      65010
1717845700       6382       4937    1984498     360321
1717845710       3221       4597     325728    1734787
1717845720       2932       2890     303112     209632
1717845731       2135       2062     259876     147676
1717845741       1697       2094     273314     657166
1717845751       2908       2772     395324     201690
1717845761       2128       2081     234479     151668
1717845772       1884       1772     318996     169831
1717845782       1870       1823     217312     132286
1717845792       1615       1569     187703     114418
1717845803       2019       1809     382563     130900
1717845813       2052       1868     360021     135531
1717845823       2805       2024    1002264     140616
1717845834       1960       1918     215857     140702
1717845844       1680       1638     190693     119691
1717845854       3441       5584     392099    2614231
1717845864       7924       3315    5198901     230880
1717845875       2035       1993     222470     146339
1717845885       1712       1691     193621     143027
1717845895       3992       4108     428558     486375
1717845906       7483       6038    4155866    2542456
1717845916       7260       5608    2261019     405917
1717845926       4115       5838     395918    2160142
1717845937      12700      10458    4062792    1505231
1717845947       4567       4336    1716690    1403687
1717845957       2201       1542     836122     108594
1717845967       1704       1946     189554     413128
1717845978        916        876     118986      62653
1717845988       4275       2652    1965594     195990
1717845998       1055       1017     130887      72562
1717846009       3664       4483    2038071    2865863
1717846019       4465       5792    1043838    2383061
1717846029        921        885     113783      60299
1717846040        876        842     113614      60165
1717846050       1052        871     270172      61188
1717846060       1005        969     127680      69090
1717846070       1474       1438     167720     103763
1717846081        860        823     114029      59155
1717846091        900        862     115551      60890
1717846101       1015        875     230131      61695
1717846111       1328       1290     155037      93763
1717846122       1160       1120     138894      78419
1717846132       1392       1434     358648     379101
1717846142        888        850     114163      60448
1717846153        858        820     112398      58923
1717846163        896        857     118450      60895
1717846173        884        845     116900      60245
1717846183        880        841     113768      60077
1717846194        876        838     113710      59798
1717846204        862        821     115867      59010
1717846214        906        867     118009      61406
1717846225        920        880     120670      60710
1717846235        944        906     122418      62736
1717846245        896        859     118158      61133
1717846255       2686       2876    1427792    1598374
1717846266        900        863     120016      61207
1717846276        881        843     119399      60456
1717846286        919        879     121304      61825
1717846296       1378       3500     158877    2381713
1717846307        918        880     120640      61885
1717846317        893        853     119188      60880
1717846327       1258       1226     145790      89541
1717846338       1556       2642     178545    1292639
1717846348        901        863     120173      61012
1717846358        879        844     117548      60266
1717846368        873        837     118181      59748
1717846379        891        854     118114      60746
1717846389        857        822     111219      58657
1717846399        902        865     120090      61099
1717846409        887        849     118154      60155
1717846420        897        860     119445      60803
1717846430        946        909     120467      61478
1717846440        856        820     117573      59027
1717846451       1190       1158     143911      87165
1717846461       6437       6182     828207     451333
1717846471        915        879     117533      62234
1717846481       2085       2046     225067     149952
1717846492       3530       2165    1651308     154932
1717846502       2310       1865     642184     132777
1717846512       2523       2482     265892     180179
1717846523       2718       2803     305521     342813
1717846533       3930       6711    1788583    4683824
1717846543       2386       2142     643958     344216
1717846553       3827       3498     872629     462902
1717846564       4703       4673     793085     676983
1717846574       2072       1866     557114     296978
1717846584       1939       1925     409451     355188
1717846594       2119       1783     571020     177423
1717846605       2011       2040     213548     203812
1717846615       1686       1757     185396     228411
1717846625       2212       2047     454499     239469
1717846636       3442       5497     836695    2962494
1717846646       2208       1928     554046     213826
1717846656       1812       1846     198536     205722
1717846666       1663       1700     185251     197242
1717846677       2136       1991     440147     246613
1717846687       1822       1842     198331     186989
1717846698       6290       5399    1434729     399382
1717846708       5478       3383    3241235     967019
1717846719       6639       7339     625053    1248579
1717846730       5511       3184    2854804     365536
1717846740       2167       2114     213916     153617
1717846750       2536       3389     261118    1128846
1717846761      16305       2922   14459087     175731
1717846771       1007        963     130327      68782
1717846781        936        894     124008      64608
1717846792       1351       1571     160750     371340
1717846802       2655       3764     274112    1404890
1717846812        944        904     121718      64571
1717846823        914        876     119439      63160
1717846833       3319       2457    1134996     173367
1717846843       2540       2763     259643     454999
1717846853       1506       1467     172119     106816
1717846864       1608        943     794793      64967
1717846874        954        916     121430      65729
1717846884       2036       5284     206994    3617171
1717846895       2428       2394     255251     178815
1717846905       7007       6934     918853     730323
1717846915       2030       1407     787062      97357
1717846926       2223       2185     237230     159097
1717846936       2470       2432     254026     175148
1717846946       1409       1639     163848     380157
1717846957       2841       2787     310109     202128
1717846967       1636       1597     186114     115333
1717846977       1746       2962     189153    1452949
1717846988       3135       2599     861388     237894
1717846998       1634       1638     183290     160906
1717847008       1825       2109     198794     471284
1717847018       1768       1661     263489     120464
1717847029       1918       1747     338546     126498
1717847039       2231       1918     498920     136735
1717847049       2114       1788     506145     129916
1717847059       2125       1832     470728     132683
1717847070       2874       5179     351368    2749656
1717847080       2893       1988    1132555     139229
1717847090       1799       1760     199100     130028
1717847101       1766       1739     193980     134522
1717847111       1903       1803     268965     130588
1717847121       1914       1821     261127     132530
1717847131       7164       5729    2036198     415489
1717847142       3944       5101     383192    1548276
1717847152       5521       5425    2299397    2095565
1717847162       1061       1028     128207      74876
1717847172       6473      10059    3220082    6946691
1717847183       3268       5849     318694    2995502
1717847193       3427       2513    1175497     182503
1717847203       1489       1448     164723     105308
1717847214      16842       9445   14323605    6341343
1717847224       1639       1599     186148     115080
1717847234       1707       1665     193624     119981
1717847245       1085       1047     133078      73719
1717847255       1704       3147     193086    1688967
1717847265       2283       2147     337347     155008
1717847276        914        875     119475      62735
1717847286       1641       1601     188881     116005
1717847296       1504       1432     208285     103467
1717847306       2498       2722     260208     459545
1717847317       3194       1721    1717311     116661
1717847327        958        918     121624      65897
1717847337       1589       1552     175875     111216
1717847348       2497       2459     260520     178067
1717847358       1829       2084     207408     443108
1717847368       1341        954     496854      67179
1717847378       1014        978     126900      69797
1717847389       1538       1392     278240     101166
1717847399       1304       1003     406873      69756
1717847409        907        869     117112      63073
1717847419        888        851     114980      60681
1717847430        880        844     114417      60368
1717847440        965        924     122740      62317
1717847450       1152        861     385475      60703
1717847461        860        824     113197      59246
1717847471        878        841     114260      60192
1717847481       1044       1004     131563      72714
1717847491        866        830     113666      59679
1717847502        876        839     113881      59941
1717847512       1115       2277     132164    1345602
1717847522       1140       2304     135813    1350671
1717847532        878        840     114259      60159
1717847543        922        888     114427      60680
1717847553       1169       1135     144221      85589
1717847563       1595       3971     171409    2659928
1717847574        879        844     113178      59984
1717847584        861        826     112061      59005
1717847594        892        850     120036      60560
1717847604        905        868     118297      61195
1717847615        853        818     112169      58801
1717847625        877        841     113069      59700
1717847635        869        832     113914      59246
1717847645        931        894     117723      60959
1717847656        867        831     112638      59405
1717847666        863        826     112215      59030
1717847677        895        857     119647      60707
1717847687        865        829     112206      59154
1717847697        847        810     111595      58462
1717847708        885        847     114334      59946
1717847718        872        833     117058      59692
1717847728        879        841     112899      59751
1717847738        879        846     112222      58961
1717847749        897        860     114165      60030
1717847759        899        861     118495      61023
1717847769        859        825     111910      58947
1717847780        863        827     112441      59223
1717847790        877        840     113839      59641
1717847800        889        850     118494      60319
1717847810        873        837     112603      59518
1717847821        837        802     111101      58073
1717847831        879        841     114112      59833
1717847841        918        885     116783      60892
1717847852        867        832     111906      58998
1717847862        882        843     114967      59764
1717847872        867        831     116280      59633
1717847883        881        846     112999      59915
1717847893        849        812     111695      58553
1717847903        895        859     115306      60467
1717847914        877        840     117682      60081
1717847924        863        826     112109      59030
1717847934        865        830     112602      59347
1717847944        905        869     114315      59558
1717847955        901        863     118208      60786
1717847965        865        828     112207      59121
1717847976        849        815     111750      58652
1717847986        891        854     115058      60252
1717847996        885        846     117692      60245
1717848006        855        822     111712      58798
1717848017        855        819     112047      58859
1717848027        891        853     114952      60219
1717848037        869        835     116064      59898
1717848048        925        889     113726      60300
1717848058        871        833     114119      59469
1717848068        877        843     113408      59766
1717848078        879        843     117414      60096
1717848089        869        832     112460      59303
1717848099        867        831     113757      59353
1717848109        880        846     112426      60087
1717848120        890        850     117657      60095
1717848130        847        812     110139      58036
1717848140        873        839     112321      58766
1717848150        891        856     111354      59235
1717848161        930        891     120185      63844
1717848171       5608      10925    3003429    8580192
1717848181       2466       2870     253172     632682
1717848191       2646       5255     248447    3004150
1717848202       1538       1485     181043     106862
1717848212       2074       5675     215322    3999969
1717848222      17843       2340   16681109     126138
1717848233        967        925     127558      66484
1717848243       1051       1013     131302      71552
1717848253       1693       1912     189642     397338
1717848263       2239       3553     236548    1589247
1717848274        918        880     119448      62816
1717848284       1011        969     130468      69809
1717848294       1605       1800     215762     395841
1717848305       3436       2610    1114611     187345
1717848315       1270       1230     150928      88244
1717848325       1740       1032     843163      72038
1717848335       1803       4780     447687    3577375
1717848346       2248       2209     235054     159351
1717848356       1411       1372     163068      98633
1717848366        909        871     118316      62419
1717848377       1406       1095     428694      76499
1717848387        931        893     118718      64669
1717848397       1461       1432     165684     111476
1717848408        899        862     114798      61332
1717848418       4592       2748    3039132    1036697
1717848428       3339       9444     308611    6736764
1717848439       1386       1351     152992     100061
1717848449       2241       2199     218887     158942
1717848459       1821       2028     214699     403930
1717848469      16994       2597   15523495     148369
1717848480       1003        960     130129      68607
1717848490        949        906     125556      65326
1717848500       1037        995     131560      70824
1717848511       2531       2757     267109     461554
1717848521       1321       2540     151535    1419671
1717848531        931        890     121223      63602
1717848541       1008        929     165922      66402
1717848552       3390       2870    1053813     455726
1717848562       2082       2041     223286     149109
1717848572       1527       1088     560664      75979
1717848583        979        939     124643      67860
1717848593       2557       1996     772281     142998
1717848603       2080       2040     224670     149353
1717848613        944        903     121180      64232
1717848624        954        911     126899      65996
1717848634       1407       1104     419646      77701
1717848644       1553       1522     175376     118033
1717848655        921        883     115466      60691
1717848665        962        921     124522      65745
1717848675       1218        917     401256      63753
1717848685        893        853     119879      61379
1717848696        905        867     116450      61573
1717848706        885        848     115794      60830
1717848716        911        871     117875      61702
1717848726        885        847     120260      61081
1717848737        913        878     116891      62141
1717848747        903        864     115890      60828
1717848757        941        903     118271      62330
1717848768        909        871     120838      62117
1717848778        887        849     115613      60728
1717848788        883        846     115641      60739
1717848798        915        875     117986      61910
1717848809        895        857     120179      61588
1717848819        887        850     115560      60761
1717848829        901        863     116533      61525
1717848839        889        850     116635      60734
1717848850        950        911     122387      62657
1717848860        905        866     116022      61205
1717848870        881        845     115317      60521
1717848881        910        869     118817      61771
1717848891        917        877     121528      62147
1717848901        895        860     116236      61351
1717848911        880        842     114083      60090
1717848922        886        847     120714      60666
1717848932        890        854     114578      60611
1717848942        872        835     114881      59975
1717848952        932        894     117499      61316
1717848963        984        946     125352      66922
1717848973       1376       1339     149389      95358
1717848983        888        852     114633      61481
1717848993       1127       1091     133866      78638
1717849004       3060        960    2319589      62104
1717849014        859        822     111913      58874
1717849024        857        822     112147      58983
1717849035        887        849     114665      60063
1717849045        879        843     116966      60202
1717849055        905        869     112754      59636
1717849065        897        860     114234      60543
1717849076        867        830     114003      59160
1717849086        875        836     116757      59924
1717849096        887        850     113353      60122
1717849106        835        798     111005      57916
1717849117        899        861     115179      60583
1717849127        885        847     117073      60195
1717849137        857        820     111814      58757
1717849147        877        840     113496      60179
1717849158        926        887     114797      60303
1717849168        984        944     126105      68110
1717849178        845        808     111220      58211
1717849189        879        842     113237      59918
1717849199        877        839     113914      59608
1717849209        877        840     115742      60163
1717849219        871        834     112615      59420
1717849230        865        828     113428      59337
1717849240        863        829     112273      59129
1717849250        859        823     115777      59425
1717849260        941        905     114196      61054
1717849271        849        812     113494      58501
1717849281        883        847     113153      59973
1717849291        885        849     117746      60478
1717849301        849        813     111418      58426
1717849312        873        836     114560      59593
1717849322        970        942     124676      77065
1717849332     299461      19450  304001840    4947662
1717849342        856        822     113221      59421
1717849353       7704       1188    7033210      65294
1717849363        914        876     115031      60994
1717849373        879        844     114601      60570
1717849384        887        851     115010      60925
1717849394       1000       1000     126423     108092
1717849404        889        853     114589      61086
1717849414        900        865     114565      62350
1717849425       2090       1833     442852     150440
1717849435        693        665      89322      47568
1717849445        690        671      87121      54201
1717849455        975        947     106810      66330
1717849466       2898        772    2325879      48126
1717849476        702        676      87463      47392
1717849486        668        640      86115      45939
1717849496        709        680      88665      47572
1717849507        678        653      89562      46829
1717849517        686        658      86671      46598
1717849527        746        715      94990      50125
1717849537        668        639      86374      46292
1717849548        702        673      87150      46907
1717849558        706        674      87762      46232
1717849568        726        696      92672      48616
1717849578        680        651      86375      46292
1717849588        658        629      85566      45451
1717849599        714        684      89168      47754
1717849609        699        667      91595      47454
1717849619        680        651      86429      46292
1717849629        670        641      86159      45997
1717849640        845       1051      99735     306433
1717849650        692        662      91205      47193
1717849660        704        675      86522      46240
1717849670        704        674      88106      47019
1717849681        708        678      88749      47559
1717849691        704        674      92778      47765
1717849701        678        649      86364      46289
1717849711        688        658      87051      46809
1717849722        669        638      87991      45821
1717849732        738        705      94561      48703
1717849742        666        637      85683      45655
1717849752        664        635      85918      45724
1717849763        775        742      96785      49143
1717849773        709        681      88440      49119
1717849783     299176      15802  303982508    1575718
1717849793        688        658      89714      46959
1717849804       7338        999    6822535      53348
1717849814        722        690      94018      48504
1717849824        738        707      96195      49813
1717849834        734        707      92661      49099
1717849845        686        656      90869      46976
1717849855        852        822     105366      57920
1717849865        735        708      89941      47799
1717849875       1783       1537     404735     122585
1717849886        587        565      71565      38906
1717849896        662        648      82006      53369
1717849906        552        533      68542      37187
1717849917        539        517      68912      36246
1717849927        547        526      69266      37093
1717849937        569        552      70488      38015
1717849947        547        526      69155      36999
1717849957        545        526      69144      36726
1717849968        575        557      68773      36808
1717849978        565        544      70178      37704
1717849988        528        509      68974      36151
1717849998        543        522      69696      36461
1717850009        569        549      70905      38023
1717850019        521        503      64174      35383
1717850029        529        510      64850      35874
1717850039        541        520      67032      36142
1717850049        535        514      68595      36305
1717850060        545        526      64604      35661
1717850070        555        538      65121      36320
1717850080        525        504      66403      35470
1717850090        515        496      67497      35517
1717850101        584        563      72257      38339
1717850111        527        506      69257      36001
1717850121        571        550      71613      37843
1717850131        511        488      69231      35125
1717850142        545        524      65363      36402
1717850152        540        518      70602      36490
1717850162        543        522      69281      35640
1717850172        593        571      71963      38151
1717850183        535        512      70507      36083
1717850193        566        543      71296      37372
1717850203        565        542      71884      37448
1717850213        545        524      69331      36660
1717850224        533        511      69326      36133
1717850234        573        551      71484      37793
1717850244        541        522      69846      36887
1717850254        563        542      71295      38433
1717850264        579        558      70441      37223
1717850275        559        538      70046      36857
1717850285        552        531      70134      37177
1717850295        564        542      70756      37422
1717850305        557        535      71106      37225
1717850316        565        544      71903      38391
1717850326        555        533      71088      38210
1717850336        549        528      69071      38184
1717850346        545        522      69427      36806
1717850356        555        534      69132      37115
1717850367        566        544      69153      36529
1717850377        552        532      68257      36632
1717850387        556        536      69890      37440
1717850397        541        528      68309      43463
1717850408        545        523      68872      36395
1717850418        585        566      71503      40557
1717850428       3259        810    2672767      50969
1717850438        504        486      61028      34010
1717850448        494        474      66006      33773
1717850459        542        521      68559      35764
1717850469        555        538      67707      35474
1717850479        527        507      67185      34812
1717850489        520        499      67881      34732
1717850499        538        517      68011      35548
1717850510        514        496      65817      34905
1717850520        516        498      66150      34836
1717850530        522        503      66183      35296
1717850540        515        499      66208      35052
1717850551        536        517      67264      35557
1717850561        516        495      66121      34927
1717850571        556        538      66483      35011
1717850582        539        519      67834      35678
1717850592        530        508      67681      35077
1717850602        541        523      67093      35990
1717850612        528        509      66646      35193
1717850622        500        489      63346      41328
1717850633        772        752      84543      53868
1717850643       2871        603    2466389      35511
1717850653        481        462      60818      32511
1717850663        475        457      61279      32479
1717850673        567        551      63133      34939
1717850684        476        456      61034      32341
1717850694        511        493      62043      33935
1717850704        507        491      62711      34401
1717850714        465        446      60665      31783
1717850724        507        489      62455      33887
1717850735        485        469      60798      32974
1717850745        495        478      61957      33482
1717850755        493        475      62055      33246
1717850765        499        481      62863      33549
1717850776      95712       4778   97127560      93046
1717850786     202725      14854  205663064    5080705
1717850796        503        487      60119      33939
1717850806       8296        821    8018745      38073
1717850816        517        498      64870      34481
1717850827        493        477      64284      34144
1717850837        515        502      63728      34495
1717850847        581        603      70830      80090
1717850857        520        502      65575      34809
1717850867        710        706      73985      56043
1717850878       1440       1195     366399      90655
1717850888        348        339      42384      22986
1717850898        348        338      42484      22611
1717850908        364        352      43858      23351
1717850918        322        315      39120      21552
1717850928        330        320      40161      21952
1717850939        356        345      41900      23102
1717850949        336        325      40060      22032
1717850959        346        335      41271      22699
1717850969        382        372      41448      23177
1717850979        356        346      41053      22748
1717850990        334        325      39979      22223
1717851000        344        334      41108      22697
1717851010        339        330      40056      22355
1717851020        326        317      40137      21963
1717851030      41757       2216   42245294      51022
1717851041     257427      13613  261729194    1556747
1717851051        341        332      37539      22469
1717851061        331        318      45957      22141
1717851071       7084        665    6876851      26791
1717851081        344        336      37025      22648
1717851092        336        329      36184      21988
1717851102        326        314      42223      21488
1717851112        438        428      47110      29800
1717851122        306        299      33694      20451
1717851132       1039       1048      87184      88489
1717851142        193        196      18725      12057
1717851153        422        184     269910      10641
1717851163        122        120      13870       8192
1717851173        204        204      17090      10740
1717851183        168        167      16130       9715
1717851193        180        176      17659      10523
1717851203        148        149      15177       9634
1717851214        191        191      17251      11276
1717851224        131        129      14859       8506
1717851234        168        167      16819      10050
1717851244        146        146      15638       9350
1717851254        138        138      13950       9202
1717851264        175        176      15787      10663
1717851274        178        179      15428       9695
1717851285        196        194      16853      10959
1717851295        132        132      14221       8821
1717851305        163        162      14945      10077
1717851315        150        149      15044       9607
1717851325        168        166      15895      10125
1717851335        144        143      14607       9334
1717851346        148        147      14933       9356
1717851356        162        162      16356      10186
1717851366        146        144      14560       9124
1717851376        190        190      16370      10208
1717851386        301        300      26934      21010
1717851396        146        148      14446       9632
1717851407        146        148      14612       9472
1717851417        144        143      15093       9334
1717851427        171        172      16489      10373
1717851437        140        143      14814       9415
1717851447        171        169      16328      10275
1717851458        164        163      16542       9971
1717851468        184        182      17561      10637
1717851478        170        167      15706       9139
1717851488        178        177      16610      10065
1717851498        156        157      14317      10054
1717851509        154        154      14236       9662
1717851519        150        150      14614       9532
1717851529        166        164      14742      10246
1717851539        144        143      14531       9764
1717851549        156        158      14237       9927
1717851559        140        140      14025       9185
1717851570        152        153      13913       9712
1717851580        182        184      14790       9950
1717851590        143        144      14256       9208
1717851600        168        171      15903      10398
1717851610        142        140      15348       9236
1717851621        154        155      15238       9803
1717851631        144        146      16265      10269
1717851641        170        171      16140       9803
1717851651        155        155      16655       9772
1717851661        131        132      14615       8553
1717851671        162        161      16836      10045
1717851682        199        197      17291      10102
1717851692        160        160      15341       9767
1717851702        162        161      15856       9885
1717851712        134        134      14428       8912
1717851722        166        167      16136      10241
1717851732        141        140      15538       9150
1717851743        172        173      17094      10477
1717851753        150        150      15744       9532
1717851763        160        159      15589       9902
1717851773        172        173      17439      12352
1717851783        195        196      15831      11213
1717851793        141        140      15147       9163
1717851804        146        148      14748       9472
1717851814        154        155      15792       9903
1717851824        146        145      15494       9265
1717851834        155        154      16409       9657
1717851844        161        161      15850       9759
1717851854        156        154      15493       9787
1717851865        152        151      15389       9430
1717851875        140        142      15599       9191
1717851885        200        199      16166      10177
1717851895        160        159      15001       9724
1717851905        145        149      14320       9605
1717851915        170        170      15610      10390
1717851925        118        116      13612       8010
1717851936        170        171      16400      10315
1717851946        132        132      14333       8821
1717851956        159        158      15731       9761
1717851966        146        144      15830       9284
1717851976        164        161      16755       9850
1717851986        198        195      16374       9993
1717851997        138        137      14626       8949
1717852007        152        152      15155       9839
1717852017        143        143      14719       9174
1717852027        146        144      15400       9284
1717852037        172        172      16032      11016
1717852047        146        144      15352       9332
1717852058        154        152      15914       9546
1717852068        149        146      16118       9194
1717852078        168        166      15441      10135
1717852088        184        183      14383       9580
1717852098        158        157      15048       9869
1717852108        152        150      15329       9615
1717852119        168        165      16009       9976
1717852129        138        137      13586       9119
1717852139        146        146      13202       9416
1717852149        150        150      14206       9806
1717852159        148        147      14051       9366
1717852169        144        143      14581       9344
1717852180        152        152      14405       9737
1717852190        174        174      14320       9266
1717852200        148        148      15311       9667
1717852210        144        143      15079       9184
1717852220        150        151      15358       9839
1717852230        146        147      15126       9389
1717852241        148        148      15935       9559
1717852251        165        165      16693       9934
1717852261        158        156      16820       9624
1717852271        154        153      15122       9579
1717852281        166        165      15739       9504
1717852291        186        187      15771      10406
1717852302        152        151      15625       9648
1717852312        165        164      16184       9870
1717852322        148        149      14413       9592
1717852332        170        169      15744      10415
1717852342        130        133      14537       8970
1717852353        152        152      15603       9521
1717852363        152        152      14533       9897
1717852373        144        146      14161       9325
1717852383        174        176      15509       9875
1717852393        190        190      16567      10863
1717852403        120        120      14371       8177
1717852414        166        167      16072      10299
1717852424        150        148      15824       9550
1717852434        162        163      15680      10091
1717852444        143        143      15151       9128
1717852454        160        158      15303       9771
1717852464        152        152      14923       9877
1717852475        142        144      14458       9240
1717852485        188        187      16228      10149
1717852495        180        178      16736      10586
1717852505        160        163      16009      10252
1717852515        144        145      14461       9406
1717852525        142        144      15061       9591
1717852536        148        150      15667       9625
1717852546        156        156      16303       9811
1717852556        144        143      15363       9392
1717852566        394        395      32768      26397
1717852576        471        472      40165      33426
1717852586        219        218      19042      12589
1717852597        167        169      15476      10033
1717852607        158        159      15976       9935
1717852617        152        150      16185       9567
1717852627        154        152      16372       9464
1717852637        148        149      16778       9507
1717852647        615        613      41055      33290
1717852658        276        278      21782      16302
1717852668        157        158      15372       9746
1717852678        150        147      15486       9269
1717852688        172        172      15008       9342
1717852698        181        180      16323      10377
1717852708        154        152      15800       9390
1717852719        168        166      17091      10105
1717852729        144        142      14367       9065
1717852739        148        147      14365       9526
1717852749        150        148      14636       9450
1717852759        128        127      14331       8616
1717852769        170        169      15574      10415
1717852780        671        670      43376      36716
1717852790        271        271      19819      14556
1717852800        146        146      14464       9184
1717852810        147        146      15103       9273
1717852820        166        165      16728      10285
1717852830        133        134      14492       8814
1717852840        168        167      16277      10102
1717852851        144        143      14885       9262
1717852861        142        141      14844       8899
1717852871        170        168      16974      10326
1717852881        144        144      14059       9243
1717852891        199        200      16343      10673
1717852902        148        148      13415       8933
1717852912        154        153      14990       9691
1717852922        146        148      13966       9422
1717852932        176        175      16123      10808
1717852943        132        136      13346       9090
1717852953        126        127      13486       8565
1717852963        174        173      16126      10597
1717852974        130        132      13806       8962
1717852984        160        162      15385      10119
1717852994        182        182      15789       9837
1717853004        179        177      16304      10251
1717853014        144        144      14987       9343
1717853024        164        163      15185      10094
1717853035        130        131      14284       8795
1717853045        143        145      14081       9276
1717853055        168        168      16451      10843
1717853065        152        152      14545       9689
1717853075        225        228      22396      16806
1717853085        148        148      15061       9425
1717853095        556        554      35999      28907
1717853106        262        264      21562      15000
1717853116        128        128      14655       8649
1717853126        174        173      17232      10597
1717853136        136        138      16045       9153
1717853146        174        173      16882      10463
1717853156        134        133      14780       8937
1717853167        156        158      16263      10015
1717853177        143        144      14845       9239
1717853187        136        134      14979       8839
1717853197        223        222      17725      11109
1717853207        137        137      14775       8868
1717853218        179        177      17117      10588
1717853228        134        135      13830       9003
1717853238        148        150      14568       9488
1717853248        172        171      15515      10618
1717853258        572        573      37481      31610
1717853268        218        219      18980      13193
1717853279        392        391      27673      22180
1717853289        221        222      18932      13230
1717853299        181        181      14214       9373
1717853309        133        133      14123       8820
1717853319        480        481      33393      26878
1717853329        132        131      14135       8846
1717853339        176        174      16499      10707
1717853350        124        124      13749       8597
1717853360        170        170      16136      10508
1717853370        129        129      14730       8707
1717853380        140        139      15401       9002
1717853390        164        163      16311      10280
1717853400        189        188      15800       9526
1717853411        233        232      20826      13766
1717853421        135        135      14777       8686
1717853431        182        183      17902      11105
1717853441        138        136      14848       8844
1717853451        114        113      14374       7893
1717853462        480        480      33827      26203
1717853472        119        118      14331       8003
1717853482        165        164      15756       9936
1717853492        135        135      15001       8764
1717853502        226        223      17854      11057
1717853513        144        141      16225       9002
1717853523        136        136      14531       8953
1717853533        172        171      15539      10458
