1717837436       3913       3910     380270     284432
1717837446      24549      25562    2099306    4035334
1717837456      30299      31545    2565088    3476915
1717837467      17844      17816    1715702    1575599
1717837477       4415      60021     205876   59226720
1717837487       3904      19782     337737   17133268
1717837497      25115     270922    1535796  262268908
1717837507      13164     199389     544333  198294230
1717837518       2307       2179     740050     568996
1717837528       1060       1006     149286      70839
1717837538       1223       1184     142169      81637
1717837549      10819      10696    2020552    1788306
1717837559       6071       2210    4289753     150103
1717837569       3211       1340    2107220      90466
1717837580       1535       1484     187682     105963
1717837590       1126       1079     140747      74898
1717837600       1679       1632     195304     118439
1717837611       1150       1104     142615      76825
1717837621       1074       1027     140088      72560
1717837631       1852       1800     212671     130439
1717837642       3051       2679     622556     189279
1717837652       6177       4947    1741536     389426
1717837662      14450      10998    4694593     906448
1717837673      16193      12470    5063671    1041182
1717837684       5119       2378    3128664     167098
1717837694       1251       1196     159839      85170
1717837704       1463       1411     177928     103292
1717837714       1222       1170     152964      81203
1717837725       1232       1163     175100      83051
1717837735       1443       1354     208819      95237
1717837745       1157       1106     149049      76772
1717837756       1375       1316     174419      92731
1717837766      39218       3587   38206546     163556
1717837776       2415       2368     254283     171622
1717837787       1709       1659     197946     121199
1717837797       1509       1090     541750      76501
1717837807       1508       1417     213751     100688
1717837818       2335       1252    1261587      84554
1717837828       1168       1117     150096      78834
1717837838       1130       1080     150322      77823
1717837848       1271       1215     162070      82972
1717837859       2314       1334    1159160      94177
1717837869      39043       3421   38183697     153262
1717837879      60550       5166   59355085     227226
1717837890      19115       3245   17159511     194882
1717837900       5128       3060    2484870     217959
1717837910       3228       1788    1674671     126215
1717837921       1134       1093     137788      75618
1717837931       1003        956     137185      68660
1717837941       1053       1013     132365      70241
1717837951       1091       1048     139434      72195
1717837962       1053       1009     137750      71030
1717837972       1053       1011     138043      70869
1717837982       2087       1681     585437     122505
1717837993       2885       1690    1419885     118962
1717838003       1747       1419     479865     101523
1717838013       2469       1214    1439452      83741
1717838024       1062       1016     135658      69398
1717838034        947        906     126614      64506
1717838044       1033        993     128638      67699
1717838054        991        950     127633      66493
1717838065       1008        967     129199      67392
1717838075        943        904     126362      64524
1717838085       1617       1582     185179     121397
1717838096      11429       9687    2754516     798261
1717838106       4445       2787    2017179     205281
1717838116       4676       2276    2753240     161404
1717838126       1299       1261     151960      91578
1717838137       1005        966     124814      69911
1717838147        988        949     119732      63763
1717838157       1202        922     378354      64292
1717838168       1317       1276     146221      90120
1717838178       1115       1075     131986      76951
1717838188        897        857     116325      61303
1717838198       1599       1567     178906     119908
1717838209      24148      23073    3316202    1957510
1717838219       9411       8894    1377688     739874
1717838229       1337        974     469640      67708
1717838239        931        892     121205      63773
1717838250       1127       1088     130710      73967
1717838260       1031        990     128944      70482
1717838270       1684       1300     521257      90276
1717838281        901        862     116250      61332
1717838291        934        895     117826      62702
1717838301       1014        876     222689      61830
1717838311        975        929     128674      65426
1717838322       8432       8393     826881     704021
1717838332        908        869     117321      62412
1717838342       1261       1214     158623      86870
1717838353       8266       8133     901240     681304
1717838363       1024        985     123514      67320
1717838373        901        862     119231      61798
1717838383       2025       1422     769289     101553
1717838394       8087       8048     796082     678583
1717838404        939        900     121966      63860
1717838414       1636       1122     648753      78208
1717838424        913        875     116748      61779
1717838437        881        846     115541      60714
1717838449       1055        981     165037      66697
1717838459       1088       1049     132608      74699
1717838469        877        841     115117      60339
1717838480       1289        874     517545      61723
1717838490        955        914     125574      63851
1717838500        883        844     116806      60621
1717838510        895        857     115954      61092
1717838521        907        869     119363      61971
1717838531        927        885     121825      62641
1717838541        873        837     116258      60396
1717838552        948        910     119014      62219
1717838562        906        865     118240      61520
1717838572        926        887     121496      62494
1717838582        887        849     116810      60836
1717838594        914        871     120549      61623
1717838607        920        879     122083      62423
1717838617        901        863     117047      61447
1717838627        903        865     118532      61652
1717838643        923        884     121058      62535
1717838653        948        908     120448      62153
1717838663        911        872     118101      61748
1717838674        885        848     118133      61192
1717838684        911        871     117754      61702
1717838694        895        855     118918      61138
1717838704        899        864     117032      61429
1717838715        917        877     120691      62549
1717838726        911        871     118634      61682
1717838737        895        855     118140      61190
1717838748        901        861     115747      60709
1717838758        936        896     123329      62582
1717838768        907        867     119497      61510
1717838779        891        852     116037      61037
1717838789        915        874     121564      62023
1717838799        891        847     119421      60768
1717838809        903        864     117782      61535
1717838820        895        854     116289      61205
1717838830        929        888     123029      62528
1717838840        905        865     120881      61724
1717838851        916        877     117185      61372
1717838861        915        876     116197      61337
1717838871        912        871     121828      61847
1717838881        907        865     120241      61700
1717838892        891        851     115757      60870
1717838902        889        848     115937      60932
1717838912        943        900     124527      63071
1717838923        924        880     125582      62354
1717838933        981        937     129320      65487
1717838943        931        889     123488      62994
1717838953        981        939     126213      64212
1717838964        929        887     123552      62628
1717838974        926        884     125841      62925
1717838984        943        901     128187      63820
1717838995        923        881     123335      62470
1717839005        956        913     128621      64232
1717839015        937        898     125394      63646
1717839025        921        881     124256      62990
1717839036        944        908     123776      64444
1717839046        944        901     127692      63455
1717839056        992        949     126464      64210
1717839067        926        887     124665      63116
1717839077        945        907     124286      63767
1717839087        925        885     124728      63227
1717839097        919        879     123489      62544
1717839108        956        918     125561      64686
1717839118        934        893     126741      63999
1717839128        917        880     122509      62713
1717839139        939        900     127437      63623
1717839149        945        904     127740      64130
1717839159        985        948     125335      64879
1717839169        956        919     129501      65838
1717839180        971        923     131725      64335
1717839190        897        858     122026      61542
1717839200        954        915     127205      64272
1717839211        917        878     124665      62788
1717839221        945        904     127221      63861
1717839231        931        890     124919      62959
1717839242        922        883     125913      62860
1717839252        946        903     127908      63822
1717839262       1008        967     128464      66211
1717839273        965        928     128798      65753
1717839283        900        861     123850      63783
1717839294        954        914     127101      65439
1717839304        919        877     127389      63772
1717839314        915        876     125300      62753
1717839324        939        896     128463      63369
1717839335        952        908     128788      63799
1717839345        925        882     126862      62897
1717839355        942        899     127118      62767
1717839366        977        933     129407      64236
1717839376        921        878     123910      62312
1717839386        919        878     124693      62787
1717839397        936        894     126092      63190
1717839407        925        883     124821      63023
1717839417        925        885     124108      63067
1717839427        917        878     124862      63060
1717839438        927        890     125318      63390
1717839448        909        870     125735      62471
1717839458       1001        958     129699      64859
1717839469        912        871     126698      62198
1717839479        903        864     116351      61423
1717839489        921        875     127038      62277
1717839499        909        867     124222      61863
1717839510        935        894     125711      63645
1717839520        916        877     123254      62751
1717839530        931        891     124872      63367
1717839541        917        877     125620      62648
1717839551        911        870     125841      62393
1717839561        955        914     124365      62725
1717839572        922        882     125919      62897
1717839582        931        890     128879      63169
1717839592        925        882     127791      62557
1717839602        954        910     128751      63775
1717839613        919        876     126501      62587
1717839623        926        887     123493      62882
1717839633        891        855     116048      61107
1717839644        893        854     115845      60961
1717839654        889        850     117032      60894
1717839664        964        924     125518      63080
1717839675        896        858     116231      61263
1717839685        929        888     126892      63000
1717839695        887        850     115912      60969
1717839705        893        856     115930      61082
1717839716        919        876     129463      62531
1717839726        967        926     130494      64322
1717839736        921        880     126275      62303
1717839747        981        935     130725      64626
1717839757        940        898     126400      63316
1717839767        994        954     126113      64725
1717839777        926        884     124342      62908
1717839788        944        904     126713      63781
1717839798        939        901     124947      64038
1717839808        899        861     124743      62274
1717839819        924        887     126260      63133
1717839829        957        913     129705      64114
1717839839        943        901     124353      63188
1717839849        931        890     126482      63199
1717839860        936        898     123696      63086
1717839870        971        932     125805      64349
1717839880        925        884     125198      62982
1717839891        907        869     124229      62686
1717839901        945        910     127074      64306
1717839911        931        891     127111      63500
1717839921        925        886     127551      62909
1717839932        938        895     130051      63460
1717839942        979        934     130501      64821
1717839953        891        851     123270      61321
1717839963        968        924     126774      63596
1717839973        948        905     126027      63366
1717839983        911        869     124833      62196
1717839994        951        910     127257      64269
1717840004        929        887     126101      63149
1717840014        911        870     126547      62449
1717840025        923        884     127013      63173
1717840035        936        896     125203      63407
1717840045        945        903     127709      63556
1717840056        924        881     127038      62767
1717840066        992        949     126623      64322
1717840076        894        853     122087      61418
1717840086        945        905     124954      63977
1717840097        924        884     124628      63142
1717840107        901        860     123878      61834
1717840117        943        902     125921      63983
1717840128        907        866     125361      62181
1717840138        939        897     127258      63423
1717840148        926        884     127160      62606
1717840159        937        896     126966      63632
1717840169        959        917     127143      62924
1717840179        955        912     129383      63961
1717840190        945        901     124966      63483
1717840200        895        853     122323      61460
1717840210        955        913     126249      64150
1717840220        915        877     123075      62994
1717840231        937        899     124710      63727
1717840242        931        893     124931      63426
1717840253        947        909     126911      64346
1717840263        935        897     126799      63314
1717840274        920        881     123724      61907
1717840284        951        909     129987      64124
1717840294        919        880     127591      62719
1717840305        918        878     128077      62761
1717840315        964        921     130486      64581
1717840325        932        893     124416      63143
1717840335        950        908     128499      63715
1717840346        930        890     125570      63086
1717840356        957        917     126920      64299
1717840366        942        901     125395      62700
1717840377        971        928     129777      64251
1717840387        914        877     125069      62838
1717840397        939        898     127159      63589
1717840407        900        861     123846      61859
1717840418        912        874     126014      62472
1717840428        972        927     129866      64219
1717840438        938        893     127870      63015
1717840449        945        906     124632      63826
1717840459        923        883     122923      62908
1717840469        956        915     125123      63104
1717840479        946        908     126577      64033
1717840490        928        889     127238      63197
1717840500        919        881     127523      62696
1717840510        927        885     125435      62698
1717840521        937        896     124966      63300
1717840531        950        908     128985      63715
1717840541        940        898     127309      63395
1717840552        961        919     127143      64148
1717840562        901        862     122790      61892
1717840572        992        952     126914      64502
1717840582        912        873     122836      62475
1717840593        937        899     125740      63679
1717840603        925        885     125642      63063
1717840613        893        855     121554      61617
1717840624        953        915     126426      64377
1717840634        925        884     127526      62874
1717840644        948        908     128117      64043
1717840654        931        888     128315      62757
1717840665        913        871     123260      62411
1717840675        974        936     126736      63970
1717840685        906        868     120360      62192
1717840696        930        890     125693      63329
1717840706        921        882     126042      63134
1717840716        923        885     126215      63034
1717840727        893        852     123836      61354
1717840737        960        916     128858      63970
1717840747        935        892     128554      62910
1717840757        928        884     125603      62679
1717840768        941        898     126652      62850
1717840778        943        904     121436      63192
1717840788        944        902     125221      63719
1717840799        899        859     121667      61764
1717840809        941        901     126494      64011
1717840819        911        873     124405      62548
1717840830        935        894     126933      63463
1717840840        925        888     123480      62934
1717840850        932        894     126476      63596
1717840860        925        888     125732      63158
1717840871        922        881     125223      61798
1717840881        973        930     126986      63936
1717840891        937        895     127555      63513
1717840902        951        911     125110      63918
1717840912        903        864     124772      62259
1717840922        952        912     128659      64145
1717840932        910        869     123904      62132
1717840943        942        902     128381      63842
1717840953        951        909     127912      63612
1717840963        899        856     123892      61453
1717840974        981        942     126509      64307
1717840984        915        876     123333      62366
1717840994        949        909     124983      64039
1717841004        913        874     125100      62662
1717841015        943        905     126566      63844
1717841025        890        852     122880      61705
1717841036        915        876     125106      62637
1717841046        929        891     124548      63222
1717841056        941        902     127283      63582
1717841067        917        876     123466      62498
1717841077        961        922     128927      63168
1717841087        954        913     127416      64104
1717841097        935        888     128700      62535
1717841108        903        864     124468      61759
1717841118        945        907     124736      64255
1717841128        921        881     125779      63164
1717841139        931        894     123260      63207
1717841149        923        882     127380      62811
1717841159        944        903     128062      63751
1717841169        906        869     127012      62794
1717841180        999        958     127319      64434
1717841190        905        865     126611      61971
1717841200        939        895     127316      63300
1717841211        957        916     127884      64243
1717841221        907        866     123131      61715
1717841231        970        927     129444      64812
1717841242       1047       1009     137897      73761
1717841252        893        852     123087      61330
1717841262        967        927     129029      64891
1717841272        943        899     127116      62810
1717841283        958        915     125225      63168
1717841293        922        879     125697      62577
1717841303        949        908     126578      64066
1717841314        881        841     121452      61049
1717841324        945        904     127053      64477
1717841334       5159       1166    4347341      73336
1717841344       5055       1682    4063894     425131
1717841355        959        918     130154      64879
1717841365        959        920     131105      65255
1717841375        910        870     120430      61510
1717841386        963        924     126716      64145
1717841396        945        903     129701      63725
1717841406       5070       1075    4344557      65305
1717841416       4879       1174    4046398      74216
1717841427       1025       1276     129457     375573
1717841437        889        852     120497      61456
1717841447        925        886     125263      63044
1717841458        935        894     126766      63401
1717841468        909        870     124697      62148
1717841478       1011        969     129733      65357
1717841489       9091       1352    8353258      75962
1717841499       1038       1222     131775     304430
1717841509        932        892     126230      63234
1717841519        928        885     123932      62461
1717841530        957        915     127714      64021
1717841540        941        903     125261      63768
1717841550        917        878     123253      62535
1717841561        953        913     125301      64342
1717841571        954        916     126695      64771
1717841581        946        909     121992      62691
1717841591        932        892     125644      63408
1717841602        931        893     123121      63126
1717841612        944        906     125983      64599
1717841622        945        906     126690      64118
1717841633        913        874     124252      62546
1717841643        958        921     129648      64437
1717841653        928        882     129319      62583
1717841664        957        916     124475      63939
1717841674        935        896     126136      63958
1717841684        962        922     125429      63437
1717841694        946        906     126290      63992
1717841705       9141       1361    8404085      77319
1717841715       1021       1220     131309     321949
1717841725        937        896     124625      63306
1717841736        887        850     122098      61373
1717841746        949        908     126518      63932
1717841756        924        885     124707      63688
1717841768       1147       1110     141559      78352
1717841778       1312       1269     155448      90119
1717841790       1018        979     128758      66256
1717841800        926        882     126404      62449
1717841810        989        948     128944      66465
1717841821        915        876     122450      62473
1717841831        923        882     124432      62779
1717841841        953        915     127138      64426
1717841852        921        881     122859      62661
1717841862        925        886     123417      63068
1717841872        962        921     129450      65399
1717841882        957        918     122984      63311
1717841893        933        892     125454      62895
1717841903        887        847     121900      61266
1717841913        962        919     127378      64064
1717841924        919        876     124514      62497
1717841934        925        883     123033      62505
1717841944        916        875     122351      62301
1717841955        948        908     123539      64228
1717841965        932        891     123089      63861
1717841975        922        879     123234      62378
1717841985        955        915     121727      62847
1717841996        928        887     122649      62779
1717842006        929        889     123097      63073
1717842016        917        878     123603      62456
1717842027        935        894     125256      63261
1717842037        914        876     122511      62141
1717842047        937        895     125255      63129
1717842058        927        885     124217      62519
1717842068        897        859     121490      61520
1717842078        957        916     124981      63994
1717842088        935        894     121895      61740
1717842099        942        903     123419      63403
1717842109        917        878     122353      62508
1717842119        901        859     120961      61357
1717842130        953        912     125075      63998
1717842140        909        871     122686      62200
1717842150        939        902     121000      63519
1717842160        935        895     123406      63758
1717842171        915        876     120418      62145
1717842181        903        865     119634      61900
1717842191        970        930     121627      63353
1717842202        906        868     120565      61954
1717842212        909        870     120865      61872
1717842222        931        890     121888      63101
1717842233        917        878     120331      62344
1717842243        931        894     121828      63399
1717842253        904        864     120689      61624
1717842264        923        884     121139      63007
1717842274        909        873     119809      62187
1717842284        934        895     121223      62735
1717842294        932        894     120933      62414
1717842305        897        861     120611      61585
1717842316        945        905     123201      63551
1717842326        927        886     122438      64189
1717842336        937        900     122751      63320
1717842347        873        835     119447      60643
1717842357        933        893     122443      63039
1717842367        905        869     120771      62033
1717842377        888        850     120145      61070
1717842388        962        922     123261      63294
1717842398        929        888     122460      62831
1717842408        927        886     123568      63671
1717842419        932        892     122019      62946
1717842429        927        888     122464      62899
1717842439        901        865     120514      61898
1717842450        931        890     122478      62967
1717842460        919        881     121123      62391
1717842470        881        843     120030      60892
1717842480        935        897     122890      63196
1717842491        942        902     121533      62294
1717842501        918        879     121572      62144
1717842511        897        859     120607      61627
1717842522        931        891     122468      62948
1717842532        896        854     121283      61320
1717842542        915        873     121258      61938
1717842552        919        878     121394      62469
1717842563        915        875     120204      62022
1717842573        913        873     121063      62289
1717842583        911        870     120988      61897
1717842594        954        914     121552      62833
1717842604        912        872     120836      62191
1717842614        889        850     119163      62044
1717842624        921        883     121689      62715
1717842635        913        876     121821      62436
1717842645        907        869     120754      62030
1717842655        911        872     121762      62387
1717842666        929        892     122607      62914
1717842676        890        852     121372      61261
1717842686        937        895     123105      62323
1717842697        960        920     123463      63458
1717842707        886        846     121125      60762
1717842717        942        901     123294      63260
1717842728        912        874     120649      62262
1717842738        889        852     119614      61159
1717842748        921        881     121089      62701
1717842758        901        863     120275      61697
1717842769        932        894     122217      62992
1717842779        901        860     120887      61376
1717842789        932        894     121802      62569
1717842800        948        909     122405      63049
1717842810        906        869     121948      62022
1717842820        915        873     122300      61964
1717842830        928        887     123645      62675
1717842841        913        875     121217      62087
1717842851        915        874     122054      62239
1717842861        910        871     121072      61978
1717842872        933        894     122681      63018
1717842882        881        842     118761      60862
1717842892        934        895     120657      62053
1717842903        955        917     122607      63797
1717842913        899        857     120768      61370
1717842923        927        887     121458      62658
1717842933        907        867     120662      62726
1717842944        935        895     121894      63130
1717842954        873        834     118763      60658
1717842964        911        871     120531      61961
1717842975        924        885     120908      62780
1717842985        913        872     120503      62036
1717842995        956        915     121878      62790
1717843005        908        866     120729      61482
1717843016        917        876     121327      62378
1717843026        919        880     119856      62591
1717843036        876        839     118390      60916
1717843047        926        887     121007      62823
1717843057        903        863     120484      61834
1717843067        907        868     119949      61920
1717843077        905        866     120610      62059
1717843088       1027        989     129394      72013
1717843098       1183       1301     204055     309128
1717843108        914        873     121720      61951
1717843119        956        917     124387      65210
1717843129       1473       1528     293685     325477
1717843139        905        865     121156      61925
1717843150        929        888     122492      62772
1717843160        903        864     120071      61975
1717843170        913        874     120754      62194
1717843180        893        854     120566      61568
1717843191        925        885     122098      62675
1717843201        949        909     122413      62462
1717843211        922        887     121710      62621
1717843222        903        874     121632      62197
1717843232        927        889     123070      62880
1717843242        895        854     122070      61403
1717843252       1688       1246     584800      89697
1717843263        933        896     122549      63055
1717843273        907        867     121759      61776
1717843283       1305       1057     355474      74325
1717843294        947        904     125466      62883
1717843304        957        915     123017      62905
1717843314        903        863     120458      61782
1717843325        907        870     119162      62111
1717843335        919       1026     120267      67413
1717843345       1144       1107     139932      79647
1717843355       1014        900     202904      63438
1717843366        907        868     119890      62023
1717843376       1324       1286     157242      93816
1717843386       1134        955     277496      67444
1717843397       1265       1405     211090     334667
1717843407        908        870     121425      61366
1717843417        920        883     122705      62609
1717843427       1864       2143     401884     665276
1717843438       1534       1452     228382     111481
1717843448       5699       5510     695416     407387
1717843458       5439       2124    3990624     423718
1717843469       2933       1075    2073750      70106
1717843479        922        881     125741      63301
1717843489        958        916     128221      65154
1717843500       1020        976     133448      66557
1717843510       2212       1305    1078928      91571
1717843520       2565       1354    1406088      93637
1717843530       1275        938     441797      65737
1717843541        979        937     128930      66253
1717843551       1198       1479     148472     425795
1717843561       1408       1284     249149      92971
1717843572       1454        984     582464      67582
1717843582       2421       1513    1104114     109880
1717843592       2452       2830     415293     778400
1717843603       3264       1449    2056120      97423
1717843613       2566       1672    1099225     120169
1717843623       5204       2370    3230184     168394
1717843633       1408       1097     426084      76482
1717843644       2258       1328    1111280      94127
1717843654       1240       1196     153733      85516
1717843664       1275       1150     235487      82254
1717843674        975        931     126855      65467
1717843685        925        885     119985      63297
1717843695       1569       1373     334326      99805
1717843705       1208       1167     145257      81576
1717843716       1059        924     226661      65007
1717843726       1922       1308     771434      92711
1717843736       1431       1300     256354      94966
1717843746       1091        959     227508      67677
1717843757       3309       3246     360864     244517
1717843767       6318       3977    2845133     285745
1717843777       5323       1519    4175781      97808
1717843788        940        898     123595      64624
1717843798       2591       1592    1212094     117337
1717843808       8797       5676    3821524     409329
1717843819       5040       1511    3888914      99393
1717843829       6733       2642    4587734     181762
1717843839       5407       2052    3755833     141356
1717843850       3854       1189    2941532      75691
1717843860       3357       1410    2202416      96706
1717843870       2755       1716    1257793     124004
1717843880       1441       1398     171387     102177
1717843891       3491       1665    2082033     113935
1717843901       3501       1502    2249659     103132
1717843911       1018        975     130989      68667
1717843922       2810       1673    1405150     117461
1717843935       2980       2141    1387398     440919
1717843945       9065       6169    3635792     455662
1717843956      10365       2935    8152872     197275
1717843966       5729       2050    4099554     138855
1717843976       2279       1330    1130875      92557
1717843986       2443       1445    1193091     101299
1717843997       2347       1350    1184058      94131
1717844007       2265       1325    1117237      89926
1717844017       1037        993     135451      70837
1717844028       1014        969     134936      70000
1717844038       1092       1046     146465      73346
1717844048       4464       3661    3030142    1544765
1717844059       2182       1242    1102442      86241
1717844069       2795       1688    1403181     194177
1717844079       3322       2232    1694860     498238
1717844089       1028        983     135416      70637
1717844100       1040        996     135730      71056
1717844110       3042       1683    1598436     117826
1717844120       1032        987     136337      70896
1717844131       3499       2300    1870479     550648
1717844141       1026        980     135035      70379
1717844151       5472       3302    3736757    1381541
1717844162       5416       2279    3603465     219230
1717844172       3970       2573    1720387     187636
1717844182       6749       2117    5116015     139350
1717844193       6351       2565    4259013     179400
1717844203       4629       3569    2460943    1278221
1717844213       6975       2487    4991499     169486
1717844223       1277       1233     157126      89092
1717844234       1121       1076     144334      78526
1717844244       4904       2089    3185205     144180
1717844254       4620       1612    3345565     106943
1717844265       1025        980     133270      69855
1717844275       2643       1420    1432402      99540
1717844285       1033        990     133146      69987
1717844296        997        953     131576      68608
1717844306       1039        994     133332      69449
1717844316       2473       1535    1135992     106544
1717844326       2422       1422    1192232      98870
1717844337       2273       1245    1206012      86954
1717844347       1183       1140     147166      81968
1717844357        991        946     131375      69054
1717844368       2429       1477    1145383     102357
1717844378       1128       2142     138453    1198817
1717844388       1021        976     132340      69375
1717844399       1009        963     133122      69036
1717844409       1133       1081     146662      73012
1717844419        980        936     130526      67697
1717844429       1201       1156     148780      83136
1717844440       2316       1084    1408911      72892
1717844450       2683       1253    1632629      85548
1717844460       1064       1027     137424      74864
1717844471       6203       2275    4378461     155241
1717844481       1417       1373     171832     101527
1717844491       4296       2672    1980008     197936
1717844501       2301       1159    1312692      78276
1717844512       1556       1309     376461      90547
1717844522       6656       4788    3601677    1549356
1717844532       3879       2534    1742041     257784
1717844543       3527       1467    2324623      99003
1717844553        955        914     126644      65991
1717844563       7294       3123    4717217     225262
1717844573       1466       1222     372020      87269
1717844584       7213       3828    3943611     279696
1717844594       4361       4089     657199     298359
1717844604        991        950     128732      67635
1717844615        996        955     127759      66653
1717844625       2760       1258    1713863      85155
1717844635       1244       1202     153949      87928
1717844646       3196       1264    2170862      84713
1717844656        989        947     128912      67671
1717844666       4291       1465    3136260      97369
1717844676       2620       1202    1619464      82654
1717844687       5895       2024    4295799     136529
1717844697       1201       1157     149914      84554
1717844707       4404       1513    3207253      99251
1717844718       2811       1461    1569700     102363
1717844728       1030        986     132451      70030
1717844738        966        925     128905      66977
1717844749       3376       1572    2054410     107710
1717844759       2494       1469    1222360     103619
1717844769       1239       1197     154554      87860
1717844779        998        955     130489      68367
1717844790       1318       1005     422095      70046
1717844800       6165       7163     591763    1551771
1717844810       2520       2475     267774     179374
1717844821       2589       2459     360496     177498
1717844831       4710       3173    1925775     225807
1717844841       2546       8247     247512    6244756
1717844852       2082       2350     226065     470466
1717844862       4356       4040    1875376    1475858
1717844873       1835       2077     203039     427036
1717844883       2041       2305     223241     462358
1717844893       5869       3903    2511943     343980
1717844904       2364       3327     248620    1233709
1717844914       2723       4188     275540    1777628
1717844924       3663       4619     363577    1315518
1717844935       3727       3646    1384963    1243297
1717844945       4061       3842    1635253    1342690
1717844955       2334       2506     247035     382328
1717844965       1995       2116     218334     307870
1717844976       3364       3349     354404     276136
1717844986       8310       6317    2683663     460131
1717844996       6102       6554    1583283    1960162
1717845007       7359       6639    2659600    1770632
1717845017       5617       6739    1909461    3024294
1717845027       2102       2281     227090     380884
1717845038       1362       1677     161423     466925
1717845048       1249       1006     349147      69558
1717845058       1341        962     488053      67508
1717845069       1696       1861     191842     333836
1717845079        975        932     128670      66477
1717845089        988        942     131751      66616
1717845100       1087        962     221273      67769
1717845110       1464       1423     173042     103084
1717845120       1248       1204     151615      83458
1717845130       1336       1293     161648      94222
1717845141       3172       1438    2055686     175846
1717845151       1557       1911     176192     523544
1717845161       1767       1725     199449     125916
1717845172       1233       1411     153432     318360
1717845182       1310        960     460450      67276
1717845192       2654       1256    1595032      85296
1717845203        944        904     124383      65038
1717845213        956        916     124193      64808
1717845223       2757       2723    1624051    1551461
1717845233        956        915     124697      65417
1717845244       4838       4944    1704330    1752942
1717845254       4594       4550     454751     334355
1717845264       2212       2169     240098     158488
1717845275       2368       2310     271552     167677
1717845285       2938       2798     402051     203344
1717845296       2311       2265     249404     164973
1717845306       1929       1882     217363     138231
1717845316       1811       1754     215345     124877
1717845327       1983       1881     275794     137054
1717845337       2379       3921     407466    2007860
1717845347       2201       2023     367232     147836
1717845357       2268       2063     400444     150392
1717845368       2826       2552     514009     184917
1717845378       3735       5388     605641    2309455
1717845388       5302       4855    2669116    2131447
1717845399       2361       3970     245654    1910473
1717845409       2036       1997     221101     146922
1717845419       2146       2133     243883     193565
1717845429       6343       5582    1317115     412770
1717845440       2068       2036     222390     151979
1717845450       8284       6150    3032028     648520
1717845460       2539       1315    1420272      90778
1717845471       3006       2535     964323     408517
1717845481       1509       1468     172805     104976
1717845491        913        872     121656      63198
1717845502       2608       3886     280071    1590831
1717845512       2732       1237    1702691      83637
1717845522       1795       1753     197893     125318
1717845532       3212       4134     924408    1859253
1717845543        929        892     119415      63197
1717845553        900        860     118183      61899
1717845563       4172       3810    2041366    1601949
1717845574       1382       1082     420047      76338
1717845584        909        870     117804      62028
1717845594        883        844     116649      60873
1717845604       1686       1641     197909     118426
1717845615       1146       1348     137951     331862
1717845625        946        907     118415      62502
1717845635       3514       1606    2171736     112061
1717845646       1406       1057     467817      75845
1717845656        935        896     119198      63211
1717845666        883        847     116850      61104
1717845676       3019       2670     772598     352318
1717845687       5347       6744    3337728    4772552
1717845697       1996       1341     815569      93640
1717845707       2196       3946     228522    2052935
1717845718       1188       1154     138644      86039
1717845728        900        865     112936      59857
1717845738       1237        894     449959      62197
1717845748       1444       1250     318165      89262
1717845759        849        814     111397      58459
1717845769        881        845     114149      59990
1717845779       1349       3195     153497    2087990
1717845790        841        806     111280      58255
1717845800        881        844     112832      59743
1717845810        867        832     113952      59386
1717845820       1319       1283     159644      95021
1717845831       1387       2334     153875    1136883
1717845841        879        844     112606      59440
1717845851        896        852     124876      60252
1717845861        843        807     109926      57821
1717845872        861        827     111097      58866
1717845882        859        821     111666      58431
1717845892        893        872     121543      60909
1717845903        863        810     109778      57788
1717845913        853        816     110701      58403
1717845923        888        853     110902      58643
1717845933       2280       1064    1387832      72618
1717845944        881        844     111806      59517
1717845954        827        790     109413      57246
1717845964        885        849     113176      59680
1717845974        859        821     115847      58819
1717845985        879        842     111707      59452
1717845995        826        792     108588      57209
1717846005        846        809     109954      57550
1717846016       1251       2587     142999    1535006
1717846026       3494       2119    2084896     587616
1717846036       2750       3824     272894    1366738
1717846046       4074       2014    2364002     142595
1717846057       2224       2185     218306     159982
1717846067       1515       1990     168128     649593
1717846077      13345       4799   11484245    2324508
1717846087        973        934     124647      66237
1717846098       1270       2841     144434    1791075
1717846108       1059       1261     132756     331085
1717846118       2479       2439     263157     177392
1717846129       1399       2291     155185    1079722
1717846139       2253       1592     840585     111669
1717846149       1447       1410     163797     103497
1717846159       2942       2795     644718     440168
1717846170        920        881     118816      63951
1717846180       1426        935     605519      64424
1717846190       1028        991     127323      72110
1717846200       3114       6353     301713    3695073
1717846211        897        857     118045      61281
1717846221        992        947     131201      66778
1717846231        938        901     117281      62040
1717846242       1272       1006     372796      70139
1717846252        908        872     116711      63529
1717846262       1445       1410     163665     101939
1717846272        899        858     123554      61075
1717846283       1190        929     362319      65363
1717846293       3315       1710    1866648     121556
1717846303       1062        892     260677      62004
1717846314        889        850     118554      60487
1717846324       2488       3768     264720    1575172
1717846334       2644       2337    1670176    1326397
1717846344       1399       1098     421034      78159
1717846355       3051       4206     691059    1871721
1717846365       3718       5963     451910    2772350
1717846375        902        865     118551      61510
1717846385        872        836     113084      59626
1717846396       3398       1679    1984225     120462
1717846406       1278        930     449771      63702
1717846416        866        829     117454      59764
1717846426       1719       1681     193633     122985
1717846437       3698       4888    2006920    3227549
1717846447        916        880     115852      61794
1717846458       1449       1102     470143      78427
1717846468       3848       4980     977224    2127949
1717846478       3219       5863     407894    3148424
1717846488        868        831     116802      59446
1717846499       1383       1829     161448     595690
1717846509       3704       1932    2250102     343364
1717846519       2612       2570     276692     187457
1717846530       2504       2461     238529     179592
1717846540       1213       1174     142427      83853
1717846550      14646       4421   12576280    1622274
1717846560       1025        984     131460      69840
1717846571       1035        995     132814      72325
1717846581       1417       2399     157419    1177484
1717846591       2439       2640     265683     435072
1717846602        923        881     120705      63154
1717846612       2163       1459     870404     102629
1717846622       1200       1161     143679      83835
1717846632       2809       3018     283455     462345
1717846643       1229       1190     147142      85500
1717846653       1836        998     978208      69009
1717846663       1082       1043     131990      74980
1717846674       2370       2330     250172     170196
1717846684       1478       1435     172052     102636
1717846694        969        926     129073      66850
1717846704       1017        978     126999      69910
1717846715       1447       1402     164665     102308
1717846725       1216        955     360845      67737
1717846735       1024        981     127620      67314
1717846746        896        857     116484      61216
1717846756        899        859     116480      61394
1717846766        885        846     116035      60660
1717846776       1142        878     359430      62128
1717846787        907        868     116542      61605
1717846797       1738       1705     191150     129026
1717846807       5673       7424     538999    2300232
1717846818       1775       1732     201636     125972
1717846828       1445       1302     266627      92272
1717846838       2494       2616     361590     447487
1717846848       2388       2347     253859     171032
1717846859       1345       1567     162355     371990
1717846869       2649       9651     256148    7626727
1717846879       1796       1952     199002     328935
1717846890       1858       2198     203497     529250
1717846901       1696       1708     292911     273833
1717846911       2084       2153     392798     429420
1717846922       2809       2019    1094681     212665
1717846932       1975       1983     208634     180078
1717846942       1943       2035     208207     264943
1717846952       2019       2048     287239     277660
1717846963       4026       5556    1266450    2823762
1717846973       1971       2034     209928     237328
1717846983       1828       2000     199499     344075
1717846994       1912       1970     206438     228445
1717847004       2119       2142     293574     273864
1717847014       3428       3345     406798     257322
1717847024       5788       4352    1916423     315349
1717847035       4917       7402     460356    3003212
1717847045       4050       2869    2029859     715122
1717847055       1231       1193     147139      86637
1717847066       1893       2138     205393     433237
1717847076       1463        896     680496      62202
1717847086       3929       3818     462981     283315
1717847097       4471       7698     719348    4076021
1717847107        905        868     120105      62634
1717847117       2147       2107     230620     153330
1717847128       1705       1662     193495     120924
1717847138       2343       2923     245515     815058
1717847148       1450       1402     176221     100450
1717847159       2435       2916     348775     815952
1717847169       1398       1356     168346      98222
1717847179       1747       3089     192035    1586235
1717847190       2396       2342     266991     171352
1717847200       2219       1710     698279     121858
1717847210       1500       1459     170270     105296
1717847221       1939       1597     509046     114884
1717847231       1542       1501     175306     109305
1717847241       2643       2216     655458     158082
1717847251       2389       1920     672881     137351
1717847262       2130       2381     225430     459445
1717847272       1691       1652     188567     120650
1717847282       2221       1778     632896     125789
1717847293       3552       5490    1119790    3120731
1717847303       1691       1651     188345     120453
1717847313       1736       1697     193207     124699
1717847323       2068       1763     480296     124810
1717847334       1840       1801     200903     130997
1717847344       2120       1770     534779     132286
1717847354       5919       4626    1783500     333590
1717847364       2817       2785     290254     209932
1717847375       6452       9411    1887576    4910392
1717847385       3567       3544    1544670    1459360
1717847395       1167       1128     139461      80588
1717847406       1475       1746     168325     430249
1717847416       1393       1355     162009      97947
1717847426       1520       3731     248621    2571388
1717847437       1011        884     213269      61415
1717847447        929        890     117626      62232
1717847457        904        862     121796      61421
1717847467       2063       4400     213627    2657199
1717847478        866        829     113400      59512
1717847488       1586       1548     179833     113812
1717847498        935        895     123573      62582
1717847509       1161       3774     133707    2890893
1717847519       1019        875     229359      61527
1717847529        854        818     113930      59189
1717847540        949        913     117084      62086
1717847550        895        858     119137      61112
1717847560       1618       1579     182409     114141
1717847570        854        818     113068      59133
1717847581        886        849     116198      60400
1717847591       1043        890     242273      62552
1717847601        868        832     114367      59666
1717847612        886        850     114591      60512
1717847622        892        853     116534      60552
1717847632       1625       1586     185731     114479
1717847642        911        876     114110      60230
1717847653       1109       1394     133731     417693
1717847663       1040        896     232658      62389
1717847673        892        854     119316      60808
1717847684       1018        860     241576      60770
1717847694        862        825     113518      59464
1717847704        874        834     115950      59807
1717847714        926        886     119390      62183
1717847725        852        814     113023      58976
1717847735        896        861     114921      60917
1717847745        928        887     120199      61315
1717847755        877        838     113798      59864
1717847766        882        844     114455      60393
1717847776        878        839     115949      60022
1717847786        907        866     119048      61508
1717847797        872        836     113734      59792
1717847807        886        847     120125      60558
1717847817       1451       4077     159396    2921533
1717847827        882        845     118193      60792
1717847838        908        873     115057      61004
1717847848        885        846     113661      59717
1717847858       1275       1244     149335      94017
1717847868       1498       4225     161588    3029458
1717847879        912        871     124307      61519
1717847889        899        862     119450      61004
1717847899        881        844     117824      60133
1717847909        905        869     118891      61526
1717847920        869        833     116998      59488
1717847930        913        875     120397      61742
1717847940        910        875     118893      60820
1717847950        971        941     124044      73223
1717847961        931        893     121873      62323
1717847971        883        845     118119      60161
1717847981        899        860     118285      60778
1717847992        877        838     117893      59963
1717848002        905        872     117726      61465
1717848013        849        812     111690      58553
1717848023        857        819     111658      58644
1717848033        887        851     115023      60263
1717848043        916        878     116934      60447
1717848054        918        878     119232      61508
1717848064        861        826     112059      59005
1717848074        871        835     112834      59587
1717848085        875        837     114390      59517
1717848095        906        869     118842      61171
1717848105        859        824     112014      58914
1717848115        841        804     111232      58112
1717848126        895        859     115185      60412
1717848136        879        842     117510      60038
1717848146        918        883     113510      60415
1717848156        852        816     111627      58611
1717848167        897        861     115319      60558
1717848177        867        828     116920      59426
1717848187        849        813     111691      58612
1717848198        887        851     113293      60181
1717848208        847        810     113075      58410
1717848218        913        876     119667      61348
1717848229        849        813     111607      58531
1717848239        855        818     113139      58614
1717848249        943        906     118528      61485
1717848259        870        834     112324      59299
1717848270        863        829     112439      59289
1717848280        871        833     112969      59353
1717848290        888        850     116319      60031
1717848301       4252       2761    2702093    1072449
1717848311       3253       6909     307894    4137274
1717848321       1721       1687     176256     124997
1717848331       1956       1901     212905     138107
1717848342      18290       3043   17046965     767423
1717848352       2101       4805     214873    3044715
1717848362        977        937     125882      66463
1717848373        997        959     127395      69571
1717848383       1387       2558     161332    1380343
1717848393       2407       2623     250648     440621
1717848404        911        872     116796      61787
1717848414        968        928     123780      66986
1717848424       2262       1476     962376     102406
1717848435       2419       2641     251643     448057
1717848445       1618       1582     178620     114097
1717848455       1698       1009     818404      68067
1717848465        961        924     120754      66477
1717848476       2056       5296     204445    3617080
1717848486       1961       1919     215829     139190
1717848496       1168        869     396295      61364
1717848506        947        909     119214      64927
1717848517       1022        984     127206      71420
1717848527       1457       1420     164103     102177
1717848537       1145        845     394116      59429
1717848548        952        911     118982      63405
1717848558        871        834     111064      58718
1717848568        843        805     111717      57703
1717848578       1172        871     395563      60626
1717848589        853        816     110492      58243
1717848599        849        812     110519      58221
1717848609        865        827     112685      58704
1717848619        878        842     115008      59814
1717848630        839        804     109596      57540
1717848640     207687      10183  211115313     184439
1717848650      92447       6390   92995714    1142797
1717848661        872        836     116548      59723
1717848671       7646       1153    7009828      64246
1717848681        897        861     117514      61334
1717848691        895        858     117871      60680
1717848702        883        846     116621      59892
1717848712        853        814     115782      58539
1717848722       1012        976     126694      68776
1717848732        844        806     114467      57952
1717848743       2115       1870     440896     153892
1717848753        731        702      93771      47966
1717848763        757        725      96781      49970
1717848773        696        667      93362      47714
1717848784        734        705      94560      49391
1717848794        715        685      94365      48532
1717848804        726        705      95124      57027
1717848814        715        696      91936      56117
1717848825        760        732      95596      52076
1717848835       5279       9442    3144044    7509304
1717848845       2902       9026     268013    6704820
1717848855       3070       2113    1184251     152708
1717848866       1391       1358     143749      98188
1717848876       1969       5815     188904    4237889
1717848886      18585       2249   17556951     114918
1717848896        781        748     101669      53991
1717848907       1029       1000     119210      71796
1717848917       3334       1763    2092409     390066
1717848927       2192       3540     216370    1616119
1717848937        756        727      95195      52560
1717848948        742        707      97884      49800
1717848958        876        845     105256      57648
1717848968       2808       3015     306610     487188
1717848978       2805       1983    1047663     140458
1717848989        767        737      94918      52938
1717848999       1646        956     817253      66093
1717849009       2367       2338     238623     170768
1717849020       1137       1107     128672      79510
1717849030       1009        707     381948      48951
1717849040        773        744     100600      53172
1717849050       1021        994     115057      71856
1717849061       1267       1238     137721      88935
1717849071       1001        695     382510      47813
1717849081        755        723      97296      51644
1717849091        683        655      85713      46342
1717849101     298498      13903  303928157     221090
1717849112       1601       2333     429804    1179379
1717849122       7481        976    6998625      51794
1717849132        706        676      88964      47828
1717849143        766        731      97183      51225
1717849153        744        711      95465      49223
1717849163        829        796     101030      55519
1717849173        791        759      99943      54544
1717849183        713        684      89880      47758
1717849194       1716       1477     390935     119151
1717849204        587        566      70910      38571
1717849214        519        498      67724      35637
1717849224        531        512      67574      36197
1717849235        573        556      70299      38202
1717849245        557        537      69883      37369
1717849255        582        561      70760      37692
1717849265        556        538      68892      36779
1717849275        557        539      70487      37573
1717849286        535        515      69474      36238
1717849296        539        519      70154      36472
1717849306        565        546      70751      37636
1717849316        531        511      68992      36324
1717849326        594        576      72328      39105
1717849337        527        509      69357      35991
1717849347        571        549      71902      37702
1717849357        572        553      70288      36800
1717849367        576        559      71026      38199
1717849378        523        503      69266      35960
1717849388        544        524      70230      36578
1717849398        557        537      70753      37399
1717849408        559        539      71123      37434
1717849419        565        545      71921      37655
1717849429        560        537      71512      36966
1717849439        565        542      72402      37285
1717849449        565        545      70926      37495
1717849459        583        561      71163      37081
1717849470        541        522      68597      36419
1717849480        559        540      70400      37523
1717849490        532        513      68266      36147
1717849500        537        520      69211      36588
1717849511        557        536      70386      37206
1717849521        538        517      69982      36298
1717849531        571        549      71079      37837
1717849541        539        517      69619      36191
1717849552        579        556      72429      38219
1717849562        574        552      68968      36603
1717849572        545        523      69617      36692
1717849582        563        541      69878      37472
1717849593        547        526      70091      37457
1717849603        579        557      71578      38252
1717849613        536        515      69021      36315
1717849623        548        528      69065      37072
1717849634        561        540      70119      37416
1717849644        559        540      70671      37546
1717849654        565        543      71240      37589
1717849664        586        564      70960      37015
1717849674        540        519      69927      36510
1717849685        571        549      71844      37940
1717849695        532        511      70474      36133
1717849705        572        550      72483      37652
1717849715        538        516      70572      36265
1717849726        549        526      71201      36560
1717849736        583        560      73046      38135
1717849746        551        527      71350      36626
1717849756        573        552      69852      38398
1717849766        579        558      68767      37492
1717849777        560        538      69446      37491
1717849787        792       3429      81174    2865193
1717849797        547        525      70466      36826
1717849807        557        536      69501      37284
1717849818        531        511      68900      36216
1717849828        567        546      70862      37661
1717849838        529        511      68636      36147
1717849848        535        516      68306      36379
1717849858        566        546      69967      37205
1717849869        567        549      69533      36924
1717849879        588        567      72356      39641
1717849890        553        530      70631      36768
1717849900        563        542      70989      37557
1717849910        539        520      68925      36319
1717849920        537        518      68724      36522
1717849930        567        545      70599      37732
1717849941        551        534      69022      37112
1717849951        555        537      69187      37482
1717849961        577        557      69748      38335
1717849971        555        536      69178      36773
1717849982        565        546      70510      37636
1717849992        524        503      68240      35903
1717850002        561        542      70208      37454
1717850012        536        517      69640      36433
1717850022        547        523      70411      36644
1717850033        551        530      70199      36985
1717850043        555        536      70503      36967
1717850053        549        527      70226      37043
1717850063        581        561      69819      37202
1717850073        559        541      70124      37281
1717850084        531        510      68471      36157
1717850094        535        516      69589      36539
1717850104        572        551      71272      37793
1717850114        549        527      70892      37523
1717850125        565        544      70824      37570
1717850135        513        492      69066      35412
1717850145        575        555      71349      38082
1717850155        516        495      68930      35405
1717850166        578        557      69922      36895
1717850176        573        552      71567      37909
1717850186        531        509      69709      35882
1717850196        573        550      72452      37860
1717850206        547        524      71345      36517
1717850217        531        511      68604      36324
1717850227        554        534      69869      37097
1717850237        519        500      68781      35783
1717850247        581        558      72027      38417
1717850258        529        508      69252      36118
1717850268        588        567      70941      37350
1717850278        532        511      70038      36091
1717850288        570        548      71181      37695
1717850299        811       3441      84834    2866821
1717850309        583        561      72474      38352
1717850319        521        499      69343      35587
1717850329        548        525      70601      36419
1717850339        571        548      70634      37778
1717850350        520        499      67697      35589
1717850360        552        532      68622      37081
1717850370        573        553      68896      36818
1717850380        565        544      69830      37392
1717850391        530        509      69000      36094
1717850401        567        546      70114      37661
1717850411        523        502      68751      35867
1717850421        547        526      70024      36691
1717850431        571        551      71831      37928
1717850442        531        511      69005      35924
1717850452        549        529      70732      37035
1717850462        541        521      70518      36537
1717850472        592        570      72132      37474
1717850483        538        517      70041      36151
1717850493        534        514      70550      36149
1717850503        563        542      71252      37371
1717850513        531        510      69456      36123
1717850523        565        545      71376      37543
1717850534        531        512      68615      36357
1717850544        560        550      68766      45114
1717850554        536        517      69246      36105
1717850564        577        555      69980      37053
1717850575        658        639      77560      45476
1717850585       2989        753    2442811      46390
1717850595        536        514      67787      35536
1717850605        512        490      65809      34284
1717850615        534        514      67585      35485
1717850626        529        510      65665      35251
1717850636        492        472      64604      33708
1717850646        549        531      66425      36088
1717850656        498        479      63857      34096
1717850667        562        543      65904      36388
1717850677        518        502      63770      34377
1717850687        525        507      65315      35210
1717850697        514        492      65350      34695
1717850707        538        521      66949      35848
1717850718        498        479      64294      33936
1717850728        498        479      64218      34204
1717850738        536        519      66071      35731
1717850748        506        487      65237      34328
1717850758        526        507      65625      35318
1717850769        521        505      65561      34699
1717850779        563        543      67360      36181
1717850789        512        491      66293      34559
1717850799        504        486      65282      34290
1717850810        530        513      66455      35800
1717850820        514        497      65807      34838
1717850830        520        501      66638      35097
1717850840        518        502      66763      35076
1717850850        524        507      66788      35321
1717850861        506        487      66301      34456
1717850871        534        517      67378      34975
1717850881        564        544      68832      36166
1717850891        510        489      66709      34468
1717850902        544        525      68700      35969
1717850912        497        479      65908      33656
1717850922     298363      13765  303895042     214009
1717850932       1232       5692     106768    4812860
1717850942        517        497      62883      34803
1717850953       7207        818    6857938      39742
1717850963        520        501      62818      35343
1717850973        559        537      67745      35298
1717850984        523        502      65942      34810
1717850994        664        681      77762      84949
1717851004        495        476      63719      33612
1717851014       1046       1039     102966      85843
1717851024       1122        872     342099      66308
1717851035        318        310      41363      22327
1717851045        386        376      44844      25118
1717851055        344        333      43533      23356
1717851065        376        366      45456      24792
1717851075        385        376      42457      23345
1717851085        387        375      44988      24519
1717851096        333        323      42393      22408
1717851106        361        351      43265      23682
1717851116        351        339      42074      23135
1717851126        542        534      58055      39371
1717851136        397        392      39405      25297
1717851147       3044        442    2807586      23457
1717851157        355        346      41600      22812
1717851167        322        313      39872      21621
1717851177        407        396      42840      23948
1717851187        331        322      41073      21893
1717851197        334        323      41350      21833
1717851208        363        353      42742      23467
1717851218        333        325      40412      22007
1717851228        352        342      42047      22953
1717851238        336        326      41431      22065
1717851248        360        349      43140      23125
1717851259        330        322      39305      22019
1717851269        353        345      41134      23185
1717851279        367        358      40407      22273
1717851289        321        311      39999      21460
1717851299        366        355      42582      23397
1717851310        317        308      38988      21514
1717851320        361        351      41246      23215
1717851330        324        313      40049      21646
1717851340        334        322      40570      21800
1717851350        354        344      41276      22912
1717851360        334        323      40610      21941
1717851371        350        339      41116      22855
1717851381        389        379      40698      23107
1717851391        353        344      41027      22949
1717851401        316        308      37809      21437
1717851411        326        318      38986      22052
1717851422        330        323      39638      22267
1717851432      21073       1301   21145251      39799
1717851442     278113      14667  282829337    1702919
1717851452        341        333      37344      22422
1717851463        326        311      44316      21886
1717851473       6965        637    6782428      26632
1717851483        361        354      37076      22580
1717851493        331        321      37024      21527
1717851503        434        425      49393      30021
1717851514        344        336      37402      22399
1717851524        995        769     322782      64719
1717851534        567        555      54846      41498
1717851544        158        159      15208      10037
1717851554        152        152      14067       9547
1717851564        159        160      15187      10095
1717851575        168        170      15255       9749
1717851585        193        194      15862      10984
1717851595        131        131      13888       8641
1717851605        162        166      16230      10426
1717851615        144        144      15361       9207
1717851625        136        135      15695       8970
1717851636        168        170      16583      10499
1717851646        134        135      15634       9053
1717851656        173        173      17478      10407
1717851666        135        135      16175       8754
1717851676        194        194      17848      10758
1717851686        171        169      16734       9477
1717851697        179        179      16396      10609
1717851707        150        149      15612       9391
1717851717        152        149      15941       9256
1717851727        170        169      16640      10435
1717851737        151        152      15806       9512
1717851747        166        163      16322      10187
1717851758        146        146      14614       9218
1717851768        142        143      13864       9149
1717851778        180        179      15975      10356
1717851788        166        168      14014       9546
1717851798        160        160      15371      10095
1717851808        148        148      14951       9389
1717851819        176        177      16043      10856
1717851829        154        154      15472       9718
1717851839        136        135      14773       9262
1717851849        177        178      16040      10646
1717851859        156        157      15704      10649
1717851869        176        176      16071      11081
1717851880        159        161      15242       9417
1717851890        170        170      14615       9675
1717851900        171        174      16239      10599
1717851910        153        151      14772      10071
1717851921        172        172      17195      10697
1717851931        144        145      14617       9842
1717851941        148        148      15874      10382
1717851951        180        179      17601      10704
1717851961        147        146      15575       9243
1717851971        158        156      16472       9718
1717851982        161        159      16390       9103
1717851992        165        163      15883       9382
1717852002        160        159      16239      10062
1717852012        140        140      14677       9181
1717852022        154        154      15976       9930
1717852032        148        146      15545       9215
1717852043        169        168      17105      10291
1717852053        148        146      15365       9129
1717852063        144        141      15663       8920
1717852073        179        176      17683      10437
1717852083        176        173      15126       9379
1717852093        190        187      16695      10692
1717852104        142        140      14606       9102
1717852114        160        158      14923       9921
1717852124        145        142      14248       8976
1717852134        136        134      13695       8877
1717852144        180        180      14225      10953
1717852154        122        122      12088       8474
1717852165        170        170      14582      10440
1717852175        132        130      13319       8755
1717852185        198        197      15575      10454
1717852195        142        142      13439       9091
1717852206        138        138      13910       9042
1717852216        158        159      15674      10145
1717852226        146        145      15098       9265
1717852236        158        160      15422      10118
1717852246        144        144      14849       9255
1717852257        165        164      16375      10117
1717852267        154        154      15787       9391
1717852277        170        169      16614      10483
1717852287        179        178      14892       9426
1717852297        131        133      13619       8860
1717852307        178        180      16254      10928
1717852318        125        124      14104       8374
1717852328        170        170      15624      10350
1717852338        134        137      14659       9190
1717852348        172        171      16669      10496
1717852358        139        140      15576       9000
1717852368        142        143      14907       9094
1717852379        162        162      15970      10320
1717852389        173        175      15125       9360
1717852399        153        155      16090       9813
1717852409        153        152      16082       9406
1717852419        166        165      17506      10141
1717852430        164        161      16597       9884
1717852440        126        125      14426       8407
1717852450        165        165      16702      10119
1717852460        154        151      16147       9210
1717852470        164        165      15512      10081
1717852480        138        136      13632       8894
1717852491        191        191      15489      10136
1717852501        155        157      15192       9657
1717852511        156        154      16067       9761
1717852521        142        143      13820       9305
1717852531        124        126      13589       8631
1717852542        158        159      15446       9985
1717852552        136        136      15063       9051
1717852562        201        202      17971      12624
1717852572        641        641      51188      45302
1717852582        230        230      21113      14821
1717852592        191        192      16143      10393
1717852603        150        150      15348       9338
1717852613        158        158      15746      10062
1717852623        150        150      15372       9430
1717852633        164        162      16813      10187
1717852643        154        155      16561       9642
1717852653        187        185      18599      11056
1717852664        127        127      12981       8298
1717852674        138        139      14346       9145
1717852684        181        182      16576      10860
1717852694        167        165      15017       8880
1717852704        158        159      15212       9757
1717852714        150        150      15556       9542
1717852724        550        548      37372      30112
1717852735        350        348      26472      20028
1717852745        140        138      15451       9021
1717852755        168        167      16267      10324
1717852765        144        143      15627       9286
1717852775        163        163      15671      10002
1717852785        136        134      15115       8839
1717852796        177        175      14846       9309
1717852806        157        156      15963       9853
1717852816        144        143      15489       9124
1717852826        170        166      17428      10312
1717852836        155        155      16679       9454
1717852846        160        159      15797       9964
1717852857        192        190      16821      11587
1717852867        165        166      15803      10087
1717852877        147        145      14993       8978
1717852887        138        136      14564       9004
1717852897        206        207      15513      10580
1717852907        147        148      14304       9904
1717852918        167        167      15111      10216
1717852928        140        140      14409       9135
1717852938        172        175      15358      10795
1717852948        126        126      12860       8666
1717852958        406        408      32786      27348
1717852968        519        520      34526      28690
1717852979        166        165      15918      10415
1717852989        208        210      17401      12155
1717852999        182        183      15615      10364
1717853009        161        160      15781       9901
1717853019        144        143      15107       8968
1717853030        158        158      14790      10014
1717853040        140        142      14295       9561
1717853050        127        126      13491       9187
1717853060        184        184      16557      11415
1717853070        215        216      21715      15843
1717853080        146        146      14620       9598
1717853091        164        165      15463       9726
1717853101        178        182      15912      10302
1717853111        136        135      14997       8820
1717853121        126        127      14360       8699
1717853131        164        166      16507      10375
1717853141        123        124      14993       8441
1717853152        171        170      17329      10257
1717853162        142        140      16584       9078
1717853172        316        315      24925      17650
1717853182        379        379      28465      21664
1717853192        175        175      16824       9947
1717853202        191        187      17531      10306
1717853213        148        146      15811       9191
1717853223        161        160      16172       9962
1717853233        144        143      13733       9232
1717853243        170        173      16127      11566
1717853253        146        146      14604       9274
1717853263        130        128      13564       8674
1717853274        172        173      15779      10466
1717853284        128        130      13571       8845
1717853294        189        188      15530      10234
1717853304        462        462      31272      25150
1717853314        166        167      15374      10299
1717853324        132        131      14351       8798
1717853335        140        140      14139       9217
1717853345        174        173      16476      10887
1717853355        140        140      13931       9143
1717853365        148        148      15057       9667
1717853375        444        444      31121      24827
1717853385        158        157      16308       9981
1717853396        154        152      15566       8822
1717853406        167        166      15555       9593
1717853416        161        161      16756      10103
1717853426        137        137      14778       8885
1717853436        220        221      19805      13250
1717853446        168        166      16961      10075
1717853457        150        148      15876       9502
1717853467        138        139      15346       8777
1717853477        168        168      16492      10194
1717853487        150        147      15836       9223
1717853497        172        172      15582       9414
1717853507        187        187      17112      10721
1717853518        138        135      15840       8811
1717853528        188        188      17273      11933
