1717837436       3917       3916     380234     284328
1717837446      22894      23865    1896487    3782624
1717837456      46858      48104    4056753    4918277
1717837466       8910       8895     761630     764711
1717837476       4722      68276     205013   67661823
1717837487       2935       2918     308574     234743
1717837497      28778     332198    1634946  326908653
1717837507       9766     128728     495499  123556303
1717837517       1057       1008     145826      70500
1717837528       1044        992     146272      70720
1717837538       1125       1091     129853      74149
1717837548      11075      10252    2235225    1257205
1717837559       2779       1718    1277948     121810
1717837569       5337       1292    4405040      80175
1717837579       1728       1682     196136     119958
1717837590       1016        969     134900      70051
1717837600       1481       1432     176200     102814
1717837610       1358       1307     169404      91197
1717837621       1024        978     135017      70262
1717837631       1725       1679     196222     119954
1717837641       1211       1172     140999      80751
1717837651       2525       2484     256797     180883
1717837662      17170      18062    1642628    2425369
1717837672      16243      11067    6496831     894294
1717837682       7524       2027    5977155     131601
1717837693       1073       1025     140169      73855
1717837703       1259       1208     157473      84970
1717837713       1697       1304     519506      93482
1717837724       1204       1144     164130      79972
1717837734       1140       1081     156599      77249
1717837744       1449       1391     177033      95474
1717837755      22434       2612   21310664     137126
1717837765      17943       2080   17050025     105129
1717837776       3224       2788     708333     203733
1717837786       1676       1626     194635     116266
1717837796       1156       1106     148158      77814
1717837807       1219       1165     158995      84172
1717837817       2530       1482    1239617     101182
1717837827       1138       1086     151776      78656
1717837837       1145       1097     151234      78495
1717837848       1226       1170     156877      79000
1717837858       1080       1032     144207      73584
1717837868       7199       2167    5550529     144583
1717837879      93919       6931   93134904     270770
1717837889      18773       2920   17112669     171085
1717837899       7403       4146    3825839     295196
1717837910       1066       1024     133666      71230
1717837920       1034        992     139510      70544
1717837930        992        947     130299      68054
1717837941       1100       1059     139054      72097
1717837951       1036        994     135920      69916
1717837961       1079       1035     138823      71960
1717837971        983        943     132320      67732
1717837982       2175       1826     536432     134543
1717837992       3813       1780    2318384     126898
1717838002       1634       1355     415599      93333
1717838013        901        862     120045      62463
1717838023        968        927     122891      65126
1717838033        963        922     124175      65166
1717838043        970        929     127362      64052
1717838054       1019        978     125241      67293
1717838064        920        880     120752      63174
1717838074       1016        977     126409      67381
1717838085       1387       1352     164811     102630
1717838095      10307       9417    1822871     782401
1717838105       4797       3146    2042405     235571
1717838116       5775       2753    3461751     193854
1717838126       1267        962     409893      66206
1717838136        999        958     131000      69994
1717838146       1066       1025     129682      67177
1717838157        902        861     121550      61526
1717838167       1346       1303     151542      90090
1717838177       1167       1124     142221      80501
1717838188       1023        980     127058      66488
1717838198       1371       1334     162258     100649
1717838208      16314      15034    2806197    1273880
1717838218       9985       9559    1318131     795811
1717838229        903        862     119868      62328
1717838239       1016        977     126141      68272
1717838249       8774       8651     934220     721638
1717838260       1102       1054     141564      73374
1717838270        879        840     115690      60547
1717838280       1018        975     128784      66440
1717838290        986        864     205659      61723
1717838301        934        892     125886      62875
1717838311       1162       1123     137779      79563
1717838321        899        858     117762      61257
1717838331       1004        964     123434      67081
1717838342       8903       8458    1266664     706848
1717838352       8468       8422     838539     704332
1717838362       1018        971     133767      66127
1717838373       1010        886     211374      62869
1717838383       8535       8412     921730     705875
1717838393        904        856     126865      61156
1717838403       1720       1171     691161      80958
1717838414       1596       1158     567054      81060
1717838424        887        849     115614      60702
1717838436        899        864     116507      61533
1717838447       1209       1112     198220      77199
1717838457        948        907     125274      63470
1717838467        877        841     115193      60339
1717838478       1283        892     493537      62444
1717838488        901        860     118471      61352
1717838498        932        893     123871      63096
1717838508        877        840     115139      60306
1717838519        889        849     119578      60808
1717838529        931        893     123920      63044
1717838539        883        848     115761      60936
1717838550        945        906     116984      61915
1717838560        895        855     119275      60865
1717838570        924        881     124301      62219
1717838580        899        862     116508      61467
1717838591        895        855     117248      61164
1717838602        909        872     117429      61978
1717838613        931        889     124688      62506
1717838623        895        856     116310      61219
1717838635        897        858     117853      61180
1717838649        988        949     124976      64242
1717838660        889        850     116613      60552
1717838670        924        886     119591      62402
1717838680        891        849     118042      60860
1717838690        897        859     119323      61679
1717838701        907        872     117886      61849
1717838711        885        844     117389      60728
1717838722        919        879     118096      62066
1717838732        895        855     120866      61604
1717838743        927        887     118612      62430
1717838753        925        885     117441      61105
1717838763        935        894     128984      63315
1717838774        957        913     127809      63951
1717838784        922        889     132813      63789
1717838794        987        933     126768      64254
1717838805        923        883     121442      62528
1717838815        863        824     114726      59763
1717838825        909        868     116723      61682
1717838835        903        861     122226      61686
1717838846        919        882     119675      62572
1717838856        915        876     115524      60545
1717838866        883        842     116378      60421
1717838877        941        898     124167      63084
1717838887        900        861     119317      61463
1717838897        891        852     116152      61037
1717838907        889        849     117275      60805
1717838918        954        911     123413      64361
1717838928        900        859     119599      61133
1717838938        873        834     115295      60266
1717838949        914        875     117950      61942
1717838959        946        905     121369      62103
1717838969        936        894     121891      62630
1717838979        875        836     116008      60365
1717838990        925        884     120007      62310
1717839000        895        852     121476      61047
1717839010        894        855     116872      61026
1717839021        907        867     119174      61628
1717839031        903        864     119424      61375
1717839041        905        867     118801      61987
1717839051        911        872     117241      60804
1717839062        905        867     118006      61162
1717839072        961        922     122423      65329
1717839082        893        855     118834      61333
1717839093        926        889     118778      63199
1717839103        877        839     118548      60713
1717839113        903        864     118701      61475
1717839123        927        888     122281      62795
1717839134        893        854     117357      60972
1717839144        916        880     119579      62525
1717839154        937        899     118945      61963
1717839165        929        889     121271      62752
1717839175        895        857     117257      61096
1717839185        877        838     116500      60422
1717839195        947        905     125170      63342
1717839206        895        856     118011      61223
1717839216        905        868     116954      61636
1717839226        889        849     117908      60809
1717839237        911        871     120385      61874
1717839247        911        874     119197      62181
1717839257        957        918     121054      63646
1717839267        941        903     121104      65703
1717839278        897        858     120031      61620
1717839288        919        879     119793      62178
1717839298        871        832     116099      61093
1717839309        889        849     117502      60749
1717839319        946        905     125531      65398
1717839329        887        847     116467      60610
1717839340        899        859     117635      61390
1717839350        893        853     118160      60913
1717839360        973        933     123501      63349
1717839370        889        849     117314      60767
1717839381        879        838     117937      60379
1717839391        939        896     124011      62947
1717839401        889        850     117306      61068
1717839412        897        858     116130      61160
1717839422        885        844     118268      60652
1717839432        943        903     123903      63634
1717839442        865        827     115744      59976
1717839453        885        845     116099      60663
1717839463        941        902     117516      61794
1717839473        923        880     124777      62305
1717839484        891        852     116113      61029
1717839494        881        842     116270      60536
1717839504        906        867     118183      61746
1717839514        918        877     123747      62234
1717839525        867        827     115951      59870
1717839535        899        860     116228      61251
1717839545        893        851     118940      61065
1717839556        960        918     123971      62921
1717839566        893        854     115733      60589
1717839576        891        850     118497      60821
1717839586        921        880     122685      62456
1717839597        887        847     116476      60802
1717839607        895        855     117381      61078
1717839617        887        849     117185      60898
1717839628        927        885     123885      62788
1717839638        893        856     116858      61040
1717839648        907        867     119433      61742
1717839658        908        869     115706      60599
1717839669        926        886     123787      62148
1717839679        901        863     116327      61375
1717839689        885        845     118464      60849
1717839700        901        864     116328      61408
1717839710        917        876     124190      62228
1717839720        875        838     116635      60385
1717839730        905        866     117666      61566
1717839741        883        848     115482      60786
1717839751        928        887     124685      62633
1717839761        939        897     120255      61605
1717839772        907        870     116369      61516
1717839782        893        852     122666      61136
1717839792        895        856     117769      61285
1717839802        895        858     116385      61343
1717839813        881        843     116438      60413
1717839823        918        877     122572      62459
1717839833        918        877     123199      62296
1717839844        905        869     116806      61783
1717839854        930        882     128190      62596
1717839864        959        920     122397      62991
1717839874        897        861     116130      61259
1717839885        865        826     114826      59864
1717839895        941        901     125476      63445
1717839905        887        852     115988      61045
1717839916        871        833     114917      60058
1717839926        905        864     118084      61640
1717839936        930        888     125588      62694
1717839946        887        848     115989      60913
1717839957        881        842     115412      60480
1717839967        957        917     119806      62675
1717839977        920        876     124141      61911
1717839987        867        828     114924      59955
1717839998        911        870     117724      61705
1717840008        893        852     119359      61006
1717840018        923        882     122539      62453
1717840029        873        834     115296      60276
1717840039        919        880     120218      62244
1717840049        875        836     115967      60423
1717840059        921        880     126744      62555
1717840070        971        930     126050      63596
1717840080        923        882     127437      62835
1717840090        918        878     125159      62749
1717840101        920        879     124729      62484
1717840111        916        875     127640      62649
1717840121        971        927     129845      64472
1717840131        923        878     127719      62319
1717840142        965        921     127573      64031
1717840152        908        868     122987      62529
1717840162        961        920     127210      63779
1717840173        930        888     123748      62442
1717840183        928        888     122500      62944
1717840193        919        877     125853      62854
1717840203        926        887     125233      63160
1717840214        942        903     126989      64095
1717840224        913        873     126826      62345
1717840234        920        882     124614      62753
1717840245        933        896     126286      63582
1717840256        943        902     128714      63714
1717840266        971        931     128697      63436
1717840277        929        886     127991      62550
1717840287        950        908     127098      63998
1717840297        904        866     124855      62413
1717840307        915        877     125985      62848
1717840318        919        878     126981      62663
1717840328        957        918     130664      64578
1717840338        935        897     127554      63349
1717840349        898        855     123980      61297
1717840359        972        931     129010      64629
1717840369        970        927     126814      63149
1717840379        923        883     122521      62800
1717840390        925        888     123930      63426
1717840400        944        907     124206      63819
1717840410        916        878     126126      62836
1717840421        928        887     124722      62743
1717840431        949        909     128260      64155
1717840441        927        888     128645      63023
1717840451        950        906     127465      63671
1717840462        927        885     125987      62712
1717840472        948        910     123456      62376
1717840482        954        913     127365      64142
1717840493        905        865     124878      62153
1717840503        959        920     128917      64215
1717840513        911        867     128329      62026
1717840523        941        902     124984      63652
1717840534        927        888     126551      62937
1717840544        916        872     125895      62113
1717840554        970        927     129200      64771
1717840565        930        890     123057      62819
1717840575        988        948     127059      64387
1717840585        885        846     115536      60614
1717840595        887        850     115915      60931
1717840606        887        850     116277      60875
1717840616        902        861     123563      61674
1717840626        909        872     117470      61876
1717840637        865        830     115795      60183
1717840647        941        897     124958      63009
1717840657        883        845     116553      60664
1717840668        925        888     116601      61455
1717840678        897        857     117113      60686
1717840688        914        873     123910      61901
1717840698        895        857     116311      61262
1717840709        877        839     115736      60339
1717840719        897        860     118068      61498
1717840729        904        864     121252      61582
1717840740        934        892     128644      63274
1717840750        883        846     115437      60589
1717840760        866        827     114759      59798
1717840770        953        913     118493      62248
1717840781        917        874     124136      61988
1717840791        905        866     116600      61572
1717840801        861        822     114628      59682
1717840812        907        867     118953      61850
1717840822        925        885     125470      62903
1717840832        933        893     128192      63375
1717840842        885        847     115610      60695
1717840853        861        824     114702      59796
1717840863        915        877     117955      62094
1717840873        956        914     125189      62545
1717840884        891        853     115833      60920
1717840894        871        834     115049      60137
1717840904        919        878     119364      62065
1717840914        919        875     125484      62194
1717840925        895        858     116106      61183
1717840935        881        844     116041      60714
1717840945        911        873     118800      62069
1717840956        903        862     122695      61535
1717840966        885        847     116499      60751
1717840976        947        909     117110      62044
1717840986        910        871     124548      62048
1717840997        945        902     128258      63602
1717841007        909        870     122639      62042
1717841017        919        879     124204      62636
1717841028        901        863     116402      61423
1717841038        875        836     115321      60345
1717841048        903        866     117288      61603
1717841058        928        886     129048      62945
1717841069        944        906     125947      63946
1717841079        969        931     124637      63413
1717841089        914        874     124946      62195
1717841100        955        911     128568      64020
1717841110        917        881     124626      62779
1717841120        931        893     126237      63654
1717841130       5147       1158    4346614      72758
1717841141       4887       1396    4071051     324092
1717841151        926        885     124920      62895
1717841161        889        852     123192      61722
1717841172        970        931     124769      63775
1717841182        928        888     124533      62321
1717841192        961        920     129002      64226
1717841203        894        853     123540      61304
1717841213        955        911     127008      63820
1717841223        928        888     127007      63064
1717841233        909        867     123343      61715
1717841244       1103       1063     140984      76509
1717841254       5137       1145    4345949      72054
1717841264       4967       1400    4169291     339859
1717841275        961        919     125688      63147
1717841285        950        908     126533      63448
1717841295        921        881     126889      63709
1717841305        906        866     123058      61987
1717841316        970        929     127879      64575
1717841326        919        875     126064      62382
1717841336       5159       1166    4347466      73620
1717841347       5061       1551    4141272     361457
1717841357        962        921     128757      64985
1717841367        923        882     123952      62589
1717841377        966        924     123530      63129
1717841388        962        920     126346      64265
1717841398        926        886     125925      62944
1717841408        939        900     123876      63719
1717841419        936        897     127114      64360
1717841429        941        901     123743      63505
1717841439        917        879     127101      62811
1717841449        933        893     125258      63089
1717841460        946        903     127677      63598
1717841470        926        885     127036      62609
1717841480        965        926     123544      63272
1717841491        921        882     124630      62926
1717841501        950        911     127374      64463
1717841511        910        868     123476      61788
1717841521        913        873     123238      62241
1717841532        970        930     128014      65616
1717841542        923        885     128550      63167
1717841552        945        905     127174      63817
1717841563        895        856     119827      61555
1717841573        951        912     128830      64213
1717841583        977        938     128410      63714
1717841594        911        871     122205      62798
1717841604        967        926     129901      64715
1717841614       5050       1058    4342104      64614
1717841625       5180       1225    4317001      77673
1717841635        978       1184     122267     324237
1717841645        935        894     127629      63259
1717841655        911        872     121240      62071
1717841666        936        896     125371      63398
1717841676        918        880     123796      62323
1717841686        976        935     127639      63630
1717841696        949        908     125698      63728
1717841707        919        883     125101      62896
1717841717        952        911     127438      63952
1717841727        909        868     123149      62078
1717841738        994        953     130244      66326
1717841748        893        852     122418      61242
1717841758        929        889     123566      63081
1717841769       1192       1156     141962      82448
1717841779       1267       1227     147181      85799
1717841790        971        933     125119      65107
1717841800        941        900     123732      63512
1717841810        917        878     122052      62616
1717841821        919        881     121829      62524
1717841831        895        854     122031      61441
1717841841        946        908     125183      64024
1717841852        903        864     120660      62023
1717841862        919        879     122321      62618
1717841872        930        891     122552      63653
1717841882        951        911     122584      62577
1717841893        917        878     121751      62477
1717841903        903        862     121905      61939
1717841913        937        897     123972      63333
1717841924        917        875     123061      62245
1717841934        914        870     123676      61895
1717841944        926        886     122737      62841
1717841955        915        875     122297      62332
1717841965        933        893     124142      63311
1717841975        912        869     122230      61889
1717841985        987        944     125839      63761
1717841996        915        874     122535      62135
1717842006        927        887     123245      63038
1717842016        914        875     122927      62224
1717842027        892        851     122164      61153
1717842037        955        916     125115      64103
1717842047        931        892     125803      65383
1717842058        933        893     123238      63141
1717842068        933        895     125608      63757
1717842078        950        908     124408      63375
1717842088        951        909     121557      62152
1717842099        909        868     120536      61772
1717842109        932        892     122172      62842
1717842119        919        876     121663      61979
1717842130        923        884     120927      62717
1717842140        917        881     119031      62708
1717842150        919        882     119922      62769
1717842161        907        867     119304      61856
1717842171        883        845     118925      61038
1717842181        953        916     120729      63177
1717842191        913        873     119389      61818
1717842202        921        884     120898      62700
1717842212        893        854     120170      61486
1717842223        935        895     121399      63178
1717842233        911        874     121003      62319
1717842244        941        903     122682      63469
1717842255        893        853     120781      62815
1717842265        905        866     120169      62340
1717842275        927        891     121595      63166
1717842285        927        889     120434      61565
1717842296        930        889     122123      62808
1717842306        909        873     121618      62019
1717842316        889        850     120440      61278
1717842327        935        895     122891      63178
1717842337        889        853     120480      61485
1717842347        939        900     122961      63345
1717842358        903        863     121857      61834
1717842368        916        880     121698      62410
1717842378        908        869     121886      61999
1717842389        979        938     123757      63407
1717842399        893        852     121861      61138
1717842409        936        898     122311      63146
1717842419        897        856     121149      61468
1717842430        902        864     120521      61599
1717842440        935        897     122738      63271
1717842450        907        866     121485      61633
1717842461        937        896     122834      63240
1717842471        877        838     120318      60576
1717842481        929        890     122198      62916
1717842491        941        900     120574      61838
1717842502        931        893     121233      63062
1717842512        893        855     120016      61445
1717842522        899        858     120335      61351
1717842533        931        889     121713      62960
1717842543        899        858     120225      61351
1717842553        919        880     120207      62703
1717842564        895        856     119195      61433
1717842574        911        872     120723      62339
1717842584        902        862     120270      61590
1717842594        962        921     122339      63014
1717842605        897        858     120094      61542
1717842615        909        871     121424      62281
1717842625        910        871     121541      62038
1717842636        917        880     122580      62570
1717842646        887        849     120473      61168
1717842656        893        854     121432      61520
1717842666        930        893     123259      62948
1717842677        881        841     121298      60617
1717842687        965        921     124563      63020
1717842697        919        879     122156      61741
1717842708        902        862     121419      61451
1717842718        919        880     121216      62560
1717842728        905        865     120614      61731
1717842739        921        885     121315      62964
1717842749        899        859     120283      61492
1717842759        919        881     122085      62676
1717842770        909        870     121612      61920
1717842780        931        892     123363      63033
1717842790        947        906     122031      62285
1717842801        895        856     121052      61100
1717842811        947        907     124069      63460
1717842821        904        862     122416      61394
1717842832        921        880     121646      62244
1717842842        899        860     121367      61517
1717842852        937        897     121678      63269
1717842862        883        843     119591      60864
1717842873        901        863     119786      61723
1717842883        919        879     120315      62562
1717842893        947        908     120103      62125
1717842904        913        876     120932      62414
1717842914       1185       1385     143363     336038
1717842924       1002        897     192773      63436
1717842935        891        851     120878      61240
1717842945       1425       1489     297362     338778
1717842955        969        927     125757      65473
1717842965        894        854     120602      61329
1717842976        957        914     123731      63946
1717842986        879        838     119752      60649
1717842996       1001        958     124998      64316
1717843007        903        861     120753      61686
1717843017        923        884     120174      62725
1717843027        885        846     119104      61204
1717843038        899        861     120225      61983
1717843048        937        897     122085      63221
1717843058        877        837     119927      60699
1717843068        927        888     121630      62907
1717843079       1727       1256     614757      90637
1717843089        934        894     122706      63046
1717843099        938        897     121773      61740
1717843110       1249        992     363613      71304
1717843120        949        910     124905      64742
1717843130       1178       1393     143715     351780
1717843141       1029        920     199889      64272
1717843151        909        868     122446      61877
1717843161       1408       1545     229975     352326
1717843171       1010        903     195715      63569
1717843182       1195       1072     229439      77929
1717843192        987        946     125562      64298
1717843202        911        870     120694      61452
1717843213       1602       1661     328464     353789
1717843223        896        865     120379      61659
1717843233        913        875     121213      61895
1717843243        910        871     122210      61980
1717843254        925        888     120901      62633
1717843264        874        837     119071      60460
1717843274       3707       3594     445947     268747
1717843285       7533       4070    4301072     551018
1717843295       4028       1781    2553408     120239
1717843305        974        934     126771      65844
1717843316       1523       1605     313718     372557
1717843326       1315       1047     380024      74595
1717843336       2493       1719    1121784     116927
1717843346       2603       1094    1700122      73459
1717843357       2402       1487    1112672     107932
1717843367       1868       2120     205559     444115
1717843377       3304       1393    2159870      96636
1717843388       2782       1705    1307075     124506
1717843398       2961       2001    1197800     141083
1717843408       2778       1910    1336109     374374
1717843418       2112       1154    1125783      78698
1717843429       1465       1339     256689      97486
1717843439       1601       1742     241115     363079
1717843449       1803       1131     819764      79032
1717843460        924        885     119183      62864
1717843470        880        842     117286      61055
1717843480       1068       1026     138574      73161
1717843490       1361       1300     184175      99325
1717843501       5378       4903     938807     358710
1717843511       5950       1928    4442964     129321
1717843521       3412       1380    2285160      93854
1717843531        978        936     126167      66519
1717843542        938        896     123907      64539
1717843552       1177       1133     148619      82129
1717843562       1003        957     133346      67446
1717843573       3244       1659    1836183     115676
1717843583       3478       2115    1633932     150433
1717843593       3648       1280    2628239      84401
1717843604       3934       1593    2628903     105824
1717843614       3559       1544    2277753     106806
1717843624       3653       1625    2304453     114136
1717843634       4080       1582    2793060     106473
1717843645       5017       4953     517740     373287
1717843655       6378       2273    4563312     153575
1717843665       4365       1939    2751851     136771
1717843676       1272       1227     154194      87597
1717843686       4258       2163    2423176     157501
1717843696       4968       2889    2745684     485590
1717843707       1502       1458     174457     105399
1717843717       3787       1622    2451303     111683
1717843727       5981       2299    4116911     156679
1717843737       3788       1683    2390084     114978
1717843748        986        942     129403      67596
1717843758        970        926     128349      66734
1717843768       3318       3250     365839     244905
1717843779       7109       3988    3679765     284474
1717843789       3484       1465    2280140     100127
1717843800       2166       1128    1203671      75180
1717843810       3800       1864    2227481     132162
1717843820       1437       1716     170212     442920
1717843831       2669       1500    1385456     106590
1717843841       1330       1363     161048     173289
1717843851       4995       1957    3407555     133674
1717843862       3166       1438    1956620      96728
1717843872        996        951     133363      69015
1717843882       1006        961     133579      69310
1717843892       1426       1380     174485      99644
1717843903       2731       1554    1390393     105712
1717843913       1410       1381     169552      99271
1717843923       4401       2251    2532390     160502
1717843934       2670       1620    1282269     115728
1717843944       7487       3182    5150788     513267
1717843954       3902       1483    2706289     100297
1717843965       5190       2101    3476191     145108
1717843975       6225       2574    4115300     180190
1717843985       4494       2097    2734342     148021
1717843995       2982       2734    1408472    1104250
1717844006       3446       2288    1437634     162808
1717844016       1344       1301     164896      95508
1717844026       1401       1356     169278      99353
1717844037       3349       1623    1985171     111310
1717844047       1055       1583     136177      91291
1717844057       1044       1000     134937      71682
1717844068       2298       1234    1245959      85350
1717844078       3970       3129    2404657    1458415
1717844088       1004        960     131724      68728
1717844098       3666       1452    2486236      98549
1717844109       2711       1540    1386236     105927
1717844119       1025        981     133717      70074
1717844129       2570       1276    1494068      87981
1717844140       1011        969     132690      69317
1717844150       2846       1527    1540822     106700
1717844161       2449       1486    1160085     103703
1717844171       1075       1031     138011      73543
1717844181       3581       1511    2341101     102215
1717844191       2466       1261    1397571      86492
1717844202       2492       1276    1407873      86239
1717844212       6332       1880    4904062     124848
1717844222       6094       2294    4213694     160107
1717844233       2279       1234    1223396      86246
1717844243       2439       1268    1362882      87137
1717844253       3094       1929    1426485     140972
1717844264       4275       1861    2731481     128074
1717844274       4140       2526    1947923     184912
1717844284       3190       1790    1655185     128129
1717844294       1248       1202     155930      87355
1717844305       2624       3901     267171    1581657
1717844315       2108       1319     961430      92183
1717844325       2977       1679    1531650     119266
1717844336       1584       1852     180987     436810
1717844346       3221       1826    1652892     130013
1717844356       1008        964     131589      69121
1717844367        976        932     129233      67173
1717844377       4088       2708    1717078     200759
1717844387       2515       1460    1253959     102847
1717844398       3012       2972     313300     226570
1717844408       5869       4027    2308717     285486
1717844418       1363       1320     164821      95931
1717844428       3310       1696    1867914     118851
1717844439       2453       1392    1252406      98548
1717844449       1402       1358     166097      97510
1717844459        964        920     128332      66621
1717844470       1016        975     131452      68982
1717844480       1262        986     381163      69323
1717844490       2265       1221    1222798      84991
1717844501       1002        959     130215      68383
1717844511       2543       1478    1262541     100783
1717844521       1064       1022     135672      72897
1717844531        968        924     128252      66643
1717844542       1016        975     132445      69165
1717844552       1018        974     136563      69166
1717844562        968        924     129060      67109
1717844574       1180       1138     145056      81050
1717844584       2399       1315    1275342      91922
1717844594       2992       1712    1517292     120563
1717844604       1488       1447     175430     105440
1717844615       1056       1014     130897      69427
1717844625       1627       2600     189150    1193999
1717844635       2775       1265    1720547      85647
1717844646       1369       1328     163614      95922
1717844656        977        935     127566      66799
1717844666       3094       1810    1532276     130888
1717844676       6365       6323     611904     464275
1717844687       5063       4829    1790124    1467908
1717844697       4257       2638    1957799     186856
1717844707       4180       4139     422190     306581
1717844718       5029      10343    1936563    7487613
1717844728       2382       2630     251566     470245
1717844738       4740       5405    1486250    2119074
1717844748       1967       2146     213425     365501
1717844759       2105       2294     224989     383578
1717844769       4847       3148    2150448     271755
1717844779       4399       4162    1917968    1602973
1717844790       2245       2329     238498     283174
1717844800       6280       6834    1951177    2440372
1717844810       4705       4416    2035072    1663119
1717844820       2607       2738     271242     359478
1717844831       6331       5832    1392451     772572
1717844841       7218       6173    1686019     463526
1717844851       5543       4277    1753500     321653
1717844862       6491       5893    2171321    1429695
1717844872       4243       2550    2036960     184212
1717844882       4211       4615    1486121    1819537
1717844892       1152       1110     142838      80685
1717844903       2483       3911     253585    1736079
1717844913       1496       1662     173500     319631
1717844923       1426       1157     392646      81571
1717844934       1286        903     485967      63448
1717844944       1023        899     210683      63685
1717844954       1648       1605     188814     116075
1717844964        920        877     125264      62778
1717844975        924        884     119188      62831
1717844985       2033       1899     314176     138386
1717844995       3057       1945    1603288     371527
1717845006       3503       1776    1988683     126291
1717845016       2084       3167     218374    1340160
1717845026       3083       2696    1634433    1193559
1717845036       4499       5025    1879161    2376597
1717845047       3478       3441     345987     260248
1717845057       5003       6540     481673    2033979
1717845067       3650       1158    2754892      72406
1717845078        874        837     114443      60016
1717845088       3863       2707    1589611     311207
1717845098       1121       1084     136191      77983
1717845108       3050       2448     863614     184320
1717845119       3534       3494     345665     251159
1717845129        871        834     115191      60219
1717845139        929        892     118685      62777
1717845150       1172       1039     235649      75846
1717845160       1351       3080     149214    1962500
1717845170       3792       3760     376970     279707
1717845181       3542       4917     349255    1746206
1717845191       2160       2115     241554     154307
1717845201       3348       4121     450050    1216179
1717845211       2875       2755     373315     198294
1717845222       1873       1831     206400     132256
1717845232       2225       2332     243497     314245
1717845242       7137       7213     695004     655988
1717845253       2997       3020     308447     284909
1717845263       3148       3040     431688     267646
1717845273       4065       3665     781342     294707
1717845284       3052       2809     530451     226042
1717845294       3336       3132     580046     310415
1717845304       3245       3024     584998     296828
1717845315       5161       6134    1562406    2512383
1717845325       2799       2784     286242     228348
1717845335       2732       2864     281616     373068
1717845345       3176       3068     400747     238224
1717845356       3503       3154     698138     272717
1717845366      13814      11816    3182219     863659
1717845376       7263       9373     676688    2802266
1717845386       7649       7128    2321512    1643174
1717845397       3610       3570     362732     263254
1717845407       5985       5023    1715087     601455
1717845417       3152       3108     317401     226455
1717845428       5875       5835     567683     431444
1717845438       5765       4346    1898437     314551
1717845448       7016       5791    1814422     419734
1717845459       3736       2450    1585483     174199
1717845469       2724       2947     280560     473500
1717845479       2317       2278     244756     168205
1717845489       1939       1806     308097     130718
1717845500       2990       2566     678813     186588
1717845510       2841       4783     325386    2341938
1717845520       2613       2501     335366     179819
1717845531       2169       1903     454968     136834
1717845541       2782       2198     817442     158354
1717845551       2116       1954     347052     142811
1717845561       2748       2911     335021     461921
1717845572       7517       6009    2149059     436425
1717845582       2416       2381     249236     175016
1717845592       5843       5028    1546193     586125
1717845603        937        899     118740      63887
1717845613       3527       2684    1374252     427257
1717845623       1758       1988     188914     402428
1717845634        872        837     114039      59985
1717845644        976        861     196954      60775
1717845654       1041        901     232426      63129
1717845664        874        839     113858      59916
1717845675       1584       1546     180754     113015
1717845685        932        892     121309      62458
1717845695        862        826     113546      59497
1717845706        984        861     208333      60997
1717845716       1344       3298     147615    2204528
1717845726       1689       1650     188108     116001
1717845737        870        836     114041      60058
1717845747        885        843     121063      60185
1717845757       2012       3958     298457    2329534
1717845767        885        849     117779      60348
1717845778       1067       1030     130882      74363
1717845788       1404       1365     166573      98187
1717845798       1576       3758     166080    2454869
1717845808        877        837     119216      59822
1717845819        994        872     208052      60147
1717845829       1023        889     221621      61446
1717845839       1215       1185     143187      91153
1717845850       1475       3473     162067    2252351
1717845860       3940       3188    2169095    1328896
1717845870       3055       6001     294736    3364324
1717845880       1717       1681     175874     124627
1717845891       1897       1842     213253     134992
1717845901       2190       4777     220001    2931585
1717845911      13145       2109   11910456     121709
1717845921       1100       1063     130642      73208
1717845932       1344       2309     150567    1153152
1717845942       1505       1706     175793     363697
1717845952       2310       4251     239563    2258590
1717845963        915        878     117506      62203
1717845973       1504       1436     199427     104702
1717845983       1797       2001     200179     386118
1717845994       3624       2638    1286327     192864
1717846004       1591       3581     169994    2252438
1717846014       1022        986     125460      71066
1717846024       1416       1376     159959      97196
1717846035       2961       5961     529399    3664543
1717846045       1156        882     369057      62055
1717846055       1000        965     124568      70154
1717846066       1439       1399     164677     100872
1717846076        965        927     124577      66464
1717846087       1124        850     365752      59472
1717846097        892        853     117478      61823
1717846107        879        841     117325      59569
1717846118        865        828     111448      58949
1717846128       1141        866     364178      58641
1717846138        859        822     111259      58676
1717846149        883        844     117298      59718
1717846159        857        820     110998      58585
1717846169        843        806     110079      57788
1717846180        845        806     111693      57947
1717846190        897        859     116352      60440
1717846200        827        790     109567      57220
1717846211        871        834     111524      59114
1717846222        873        835     112125      58275
1717846232        889        852     115789      59396
1717846242        861        824     111196      58793
1717846253        837        801     109728      57548
1717846263        873        837     112904      59294
1717846273        870        834     115072      59290
1717846284        835        799     109964      57617
1717846294        882        846     112812      59582
1717846304        857        819     114989      58672
1717846315        873        837     111511      59186
1717846325        870        835     110249      57906
1717846336        892        856     113847      59751
1717846346        861        825     115334      59159
1717846356        845        809     110233      57938
1717846367        857        822     111054      58651
1717846378        855        816     112393      58242
1717846388        879        844     116232      59988
1717846398        841        805     109928      57730
1717846409        839        801     111820      57707
1717846419        897        860     117176      60365
1717846429        891        855     110907      58581
1717846440        865        831     111116      58888
1717846450        845        808     111762      57987
1717846460        897        858     117946      60191
1717846471        831        797     109713      57501
1717846481        835        798     109915      57584
1717846491        891        854     113965      59920
1717846502        857        822     114400      58905
1717846512        863        826     111017      58698
1717846523        829        793     109614      57344
1717846533        912        876     112212      59407
1717846543        926        891     118454      63463
1717846553       4577       5467    2436010    3325594
1717846564       2424       2505     250667     293325
1717846574       2446       2391     251209     176712
1717846584       1498       1456     168116     105367
1717846595      15468       4815   13410841    2003082
1717846605       3889       2814    2358998    1181717
1717846615       2929       2888     301444     210463
1717846626       1845       1808     187388     132086
1717846636       3377       4684     319290    1668824
1717846646       2165       2348     256910     415390
1717846656      14929       2766   13162644     165581
1717846667       2212       1533     857733     110053
1717846677       1958       2166     212503     402759
1717846687       2478       2439     258105     179092
1717846698       3568       4305     933122    1661367
1717846708        923        882     122327      63756
1717846719       1087       1047     134040      76178
1717846729       4606       3658    1323330     261420
1717846739       2824       3033     288368     468782
1717846750       2290       1405    1063166      97812
1717846760       1507       1223     411646      87470
1717846770       1998       1959     213716     143327
1717846780       1799       1760     198301     127621
1717846791       1608       1566     181941     112867
1717846801       1509        991     634540      68554
1717846811       4114       2789    2357412     912638
1717846821       3568       6561     342945    3460655
1717846832       2687       1933     958061     138723
1717846842       2038       1996     204983     144890
1717846852       1729       2223     190002     686899
1717846863      14203       3766   12571462    1398801
1717846873        955        913     126997      66124
1717846883        907        867     120061      62543
1717846894       1502       1692     173077     350112
1717846904       2513       3510     262291    1277886
1717846915        931        891     121583      63795
1717846925       1995       1287     866612      90837
1717846935       1410       1372     157985      95768
1717846946       3318       3163     680462     462180
1717846956       1314       1047     380901      74904
1717846966       1251        985     372170      69234
1717846976       1015        977     127682      70390
1717846987       2149       2112     228625     153052
1717846997       1750       1711     195747     124739
1717847007        962        922     126113      64954
1717847017       1059       1018     135146      73538
1717847028       1329       1062     378511      74907
1717847038       1413       1375     160955      97255
1717847048        891        854     116117      61103
1717847059       1232        962     373013      67364
1717847069        907        869     116909      61798
1717847079        879        842     115244      60397
1717847089        891        852     116949      60985
1717847100        939        900     122543      63181
1717847110        867        830     114984      60011
1717847120        903        865     116432      61456
1717847130        921        883     118549      61404
1717847141        933        891     122080      62122
1717847151        901        863     116613      61525
1717847162        915        876     122323      62145
1717847172        901        862     121507      61776
1717847182        929        886     122741      62460
1717847192        903        863     121222      61618
1717847203        933        893     122025      62931
1717847213        885        847     115875      60797
1717847223        893        857     115937      61067
1717847234        928        888     121479      61802
1717847244        948        912     121175      63570
1717847254        901        864     120307      61950
1717847264        887        848     115640      60695
1717847275        913        875     121749      62355
1717847285        905        868     120617      61972
1717847295        909        871     121621      62281
1717847305        909        871     121754      62121
1717847316        896        858     121605      61496
1717847326        949        910     123439      63753
1717847336        943        903     122339      62137
1717847347       1214       3829     137613    2892865
1717847357        914        873     123462      62046
1717847367        917        876     122470      62062
1717847377        915        874     122099      62157
1717847388        945        904     123823      63336
1717847398        901        858     122245      61320
1717847408        927        884     123726      62395
1717847418        919        880     121409      62595
1717847429        915        875     121400      62220
1717847439        964        928     121822      63170
1717847449        940        900     122771      63288
1717847460        905        865     120656      61925
1717847470        911        874     121197      62137
1717847480        932        892     122620      62950
1717847490        921        880     122072      62136
1717847501        883        844     115789      60699
1717847511        915        876     117347      61995
1717847521        867        830     115811      60067
1717847531        945        903     123484      63407
1717847542        919        884     115490      60830
1717847552        905        867     116916      61733
1717847562        889        849     117430      60701
1717847573        901        862     120332      61612
1717847583        915        878     117131      62035
1717847593        861        822     114630      59672
1717847603        925        886     119154      62398
1717847614        895        857     120031      61480
1717847624        883        844     115549      60513
1717847634        896        859     116385      61292
1717847644        946        907     118331      61808
1717847655        934        894     121851      63093
1717847665        871        833     114845      60000
1717847675        903        867     116817      61682
1717847686        911        871     121623      61930
1717847696        877        838     115476      60400
1717847706        935        897     120282      64079
1717847716        921        880     122836      64490
1717847727        911        872     116860      61787
1717847737        899        863     115703      60547
1717847747        933        894     117889      62131
1717847758        883        844     119799      61009
1717847768        915        879     117838      62124
1717847778        869        831     115118      60877
1717847788        885        845     117363      60519
1717847799        923        884     122395      62613
1717847809        873        836     115019      60172
1717847819        901        862     116611      61492
1717847829        902        864     121629      61599
1717847840        961        925     123160      63394
1717847850        919        879     120846      62399
1717847860        897        856     121039      61420
1717847871        943        904     123509      63419
1717847881        887        847     121207      60824
1717847891        913        874     117079      61926
1717847901        871        834     115254      60241
1717847912        909        871     118379      61677
1717847922        894        853     121695      61237
1717847932        911        873     116906      61820
1717847942        909        873     115560      60584
1717847953        925        884     118956      62215
1717847963        899        858     120593      61347
1717847973        871        835     114846      60066
1717847984        901        862     116685      61540
1717847994        875        836     116988      60305
1717848004        927        890     121752      62701
1717848014        869        830     115026      60036
1717848025       1137       3758     127215    2888718
1717848035        871        834     116668      60189
1717848045        977        939     121625      63575
1717848055        868        829     115809      59885
1717848066        885        848     115537      60670
1717848076        915        877     122565      62303
1717848086        864        826     113853      59694
1717848097        995        966     124730      76292
1717848107        875        837     116706      60234
1717848117        885        844     119905      60762
1717848127        912        883     116995      69133
1717848138        858        824     113468      59560
1717848148        952        913     117660      61753
1717848158        880        842     118744      60304
1717848169        894        858     114905      60793
1717848179        949        912     119904      66700
1717848189       2825       1063    1968782      70945
1717848199        879        844     113257      59984
1717848210        845        809     111369      58292
1717848220        877        842     114072      59997
1717848230        877        838     116811      59613
1717848240        880        845     113190      59962
1717848251        892        855     112016      58859
1717848261        859        822     113857      58938
1717848271        915        876     119515      61260
1717848282        845        808     111648      58419
1717848292        873        837     112681      59518
1717848302        949        921     121774      72818
1717848312        911        872     118440      61268
1717848323        835        799     111078      57949
1717848333        851        816     112130      58606
1717848343        909        872     115411      60300
1717848354        911        874     116603      60885
1717848364        863        828     112464      59256
1717848374        851        815     111664      58565
1717848384        913        874     119821      61515
1717848395        859        822     111986      58848
1717848405        839        802     111276      58098
1717848416        893        854     114850      60351
1717848426        871        833     116430      59797
1717848436        875        840     112823      59773
1717848446        876        839     111714      58445
1717848457        904        866     114811      60563
1717848467        860        823     115830      59351
1717848477        837        800     109721      57515
1717848487     298662      14122  303918246     235124
1717848498       1581       5808     159220    4609778
1717848508        896        857     119752      61307
1717848518       7670       1153    7031926      64763
1717848528        934        896     122186      63136
1717848539        873        833     118833      59670
1717848549        936        895     120226      60733
1717848559       1022       1022     129146     109276
1717848569        871        831     116486      59031
1717848580       1693       1435     405102     114712
1717848590       3435       3405     341184     255605
1717848600       3162       3129     317913     228618
1717848610       3221       3189     320965     231054
1717848621       3166       3134     318832     228699
1717848631       3218       3187     320625     230938
1717848641       3168       3136     318892     228790
1717848651       3244       3213     320138     230645
1717848662       3178       3147     319395     229412
1717848672       3174       3144     318426     229051
1717848682       3204       3172     320496     230428
1717848693       3177       3147     318498     229175
1717848703       3190       3158     319865     229925
1717848713       3188       3158     319080     229822
1717848723       3190       3160     319773     229965
1717848734       3182       3152     318635     229549
1717848744       3230       3201     322473     232663
1717848754       3264       3234     321862     231588
1717848764       3182       3148     320118     229387
1717848775       3204       3175     320474     230475
1717848785       3172       3143     318708     229287
1717848795       3175       3145     319015     229192
1717848805       3197       3167     320823     230296
1717848816       3188       3158     320468     229714
1717848826       3178       3146     319290     228912
1717848836       3187       3155     319975     229123
1717848846       3185       3155     319462     229121
1717848857       3207       3176     317405     228256
1717848867       3136       3106     313842     226429
1717848877       3406       3377     333691     246098
1717848887       5173       3241    2377076     228586
1717848898       3159       3129     313943     226996
1717848908       3355       3329     331334     243231
1717848918       5143       3220    2334646     228289
1717848928       3086       3098     313557     226155
1717848938       2931       2861     290926     207532
1717848949       3195       3164     315931     227406
1717848959       3173       3141     315028     227517
1717848969       3609       3583     345649     259636
1717848979       3249       3220     321277     234729
1717848990       3161       3130     312962     226946
1717849000       3115       3088     309372     224921
1717849010       3127       3099     310203     225986
1717849020       3137       3110     310517     226030
1717849031       3123       3093     309853     225026
1717849041       3147       3120     311832     226534
1717849051       3272       3245     321932     236739
1717849061       3150       3122     310380     226380
1717849072       3107       3081     309231     224646
1717849082       3340       3311     327795     241854
1717849092       3126       3099     305993     225324
1717849102       5076       3162    2322516     225473
1717849112       3133       3106     310106     225381
1717849123       3104       3075     308949     223844
1717849133       3110       3079     308809     223700
1717849143       3127       3098     309568     225182
1717849153     300978      16334  304152282     400098
1717849164       3694       4783     351255    1441058
1717849174       3092       3064     304722     223478
1717849184       9682       3154    7234104     211021
1717849194       3174       3147     312513     228366
1717849205       3360       3333     331832     243913
1717849216       3140       3112     310054     226122
1717849226       3211       3191     317693     239790
1717849236     301425      17991  304190822    1636781
1717849246       3895       3887     363889     297241
1717849257       3000       2981     284087     213995
1717849267       9808       3258    7259642     218761
1717849277       2993       2973     290909     215696
1717849287       2968       2948     288395     214094
1717849297       2966       2946     288365     213869
1717849308       3082       3062     300115     222669
1717849318       2974       2954     287590     214010
1717849328       3991       3756     595738     284739
1717849338       2798       2790     265553     202650
1717849349       2821       2809     265915     203466
1717849359       2823       2814     264245     202346
1717849369       2597       2589     244830     187702
1717849379       2802       2792     264693     202802
1717849389       2783       2774     264107     201950
1717849400       2823       2812     266777     203870
1717849410       2837       2825     268024     204890
1717849420       2882       2872     270839     207838
1717849430     222003      12499  223926257     337817
1717849440      81896       7843   80481217    1394479
1717849450       2800       2788     261571     202686
1717849461       9542       3137    7092037     207196
1717849471       2837       2830     266640     205245
1717849481       2594       2587     245996     188790
1717849491       2810       2797     264613     202857
1717849501       3055       6331     275456    3692805
1717849512       2796       2786     263960     202553
1717849522       3191       2966     510908     222052
1717849532       3297       3291     305264     244662
1717849542       2625       2621     242543     190808
1717849552       2625       2622     240973     190923
1717849562       2657       2655     241515     190962
1717849572       2639       2636     241836     191270
1717849583       2623       2619     242210     190717
1717849593       2405       2401     222605     173958
1717849603       2670       2668     243050     193644
1717849613       2641       2639     242353     191524
1717849623       2621       2618     242029     190767
1717849633       2624       2620     242168     190564
1717849644       2644       2643     242988     191915
1717849654       2635       2631     242628     191103
1717849664       2682       2678     243879     191779
1717849674       2643       2638     243780     191326
1717849684       2691       2686     247570     194582
1717849694       2376       2372     220763     172591
1717849705       2882       2878     265024     209038
1717849715       2647       2642     244022     191678
1717849725       2633       2627     242327     190730
1717849735       2403       2396     221616     173626
1717849746       2631       2628     240518     191062
1717849756       2641       2639     240706     191629
1717849766       2678       2675     241121     191710
1717849776       2663       2659     243306     193449
1717849786       2653       2650     241481     192063
1717849796       2625       2622     240775     190949
1717849806       2663       2660     243118     192974
1717849817       2591       2590     235828     189184
1717849827       2597       2595     235899     189264
1717849837       2377       2378     215175     172721
1717849847       2629       2626     242753     190863
1717849857       2633       2631     237120     190083
1717849867       2619       2620     235999     189759
1717849878       2649       2647     239095     192272
1717849888       2651       2647     244006     192287
1717849898       2587       2587     235630     189035
1717849908       2619       2619     236934     190331
1717849918       2615       2611     241708     190353
1717849928       2682       2682     240767     194071
1717849939       2351       2353     213987     171702
1717849949       2639       2636     240366     191258
1717849959       2629       2628     239508     189994
1717849969       2625       2624     236296     189992
1717849979       2615       2612     237016     190236
1717849989       2611       2611     238770     190191
1717850000       2638       2635     241688     191113
1717850010       2613       2611     237259     190634
1717850020       2599       2599     235944     189421
1717850030       2627       2625     239710     190749
1717850040       2643       2641     242082     191657
1717850050       2367       2365     214680     172167
1717850060       2629       2628     236588     189774
1717850071       2629       2629     240122     190457
1717850081       2651       2647     241632     191809
1717850091       2597       2596     236125     189457
1717850101       2615       2613     236736     190083
1717850111       2611       2608     239802     190144
1717850121       2641       2638     240155     191293
1717850132       2581       2578     235333     188689
1717850142       2605       2603     235901     189638
1717850152       2435       2430     223472     176146
1717850162       2636       2634     238197     190145
1717850172       2632       2630     237050     190494
1717850182       2611       2609     236538     189901
1717850193       2607       2603     239750     189821
1717850203       2635       2632     240116     191020
1717850213       2585       2583     235531     188878
1717850223       2639       2637     238346     191433
1717850233       2627       2625     240102     191495
1717850243       2631       2630     240435     191491
1717850254       2393       2391     216309     173806
1717850264       2639       2637     236743     189976
1717850274       2645       2641     240614     191433
1717850284       2639       2634     243154     191144
1717850294       2607       2605     236620     189879
1717850304       2609       2607     236439     189810
1717850314       2611       2609     236818     190061
1717850325       2633       2627     244789     190890
1717850335       2623       2619     241696     190557
1717850345       2631       2629     241084     191363
1717850355       2625       2623     240742     190739
1717850365       2439       2436     220992     174414
1717850375       2645       2641     241860     191089
1717850386       2639       2634     243162     191734
1717850396       2653       2649     242831     191922
1717850407       2877       2873     264931     209266
1717850417       2645       2643     241883     191576
1717850427       2491       2487     227956     182195
1717850437       2643       2643     242254     191707
1717850447       2622       2620     241917     190807
1717850457       2653       2650     243765     192063
1717850468       2680       2678     243914     191822
1717850478       2639       2635     243353     190944
1717850488       2642       2638     242523     191543
1717850499       2625       2624     241065     190855
1717850509       2645       2644     242791     191925
1717850519       2629       2626     241093     190971
1717850529       2650       2648     242920     192050
1717850539       2625       2626     240878     191052
1717850549       2621       2617     241369     190760
1717850559       2685       2684     244780     193850
1717850570       2431       2428     220952     174560
1717850580       2650       2648     242401     190783
1717850590       2622       2619     241153     190774
1717850600       2623       2622     241406     190764
1717850610       2644       2643     241993     191784
1717850620       2633       2629     241579     191012
1717850631       2639       2637     241846     191619
1717850641       2653       2653     242131     192752
1717850651       2595       2593     239596     189725
1717850661       2653       2651     242819     192256
1717850671       2676       2677     241377     191670
1717850681       2641       2638     242055     191677
1717850692       2404       2402     220802     174392
1717850702       2645       2645     243009     191850
1717850712       2611       2608     240682     190152
1717850722       2627       2626     241248     191080
1717850732       2661       2660     243095     192493
1717850742       2625       2623     241989     190982
1717850752       2649       2646     243201     191773
1717850763       2631       2628     242836     191006
1717850773       2701       2698     243827     192555
1717850783       2611       2609     241010     190345
1717850793       2388       2388     219105     173510
1717850803       2649       2647     242933     192003
1717850813       2631       2630     241422     191578
1717850824       2635       2634     242114     191604
1717850834       2611       2611     241102     190359
1717850844       2623       2623     242375     191088
1717850854       2654       2653     243930     192079
1717850864       2620       2617     241903     190626
1717850874       2721       2719     245599     193954
1717850885       2639       2637     243462     191811
1717850895       2659       2654     244774     192054
1717850905       2373       2372     219616     172868
1717850915       2625       2623     239807     190546
1717850925       2639       2636     242502     191478
1717850935       2637       2633     241553     191194
1717850946       2639       2635     242332     191445
1717850956       2657       2654     242867     192701
1717850966       2635       2631     242168     191397
1717850976       2667       2665     241280     191257
1717850986       2629       2626     241753     191131
1717850996       2555       2595     241305     191476
1717851006       2455       2411     219205     172832
1717851017       2645       2644     243177     192199
1717851027       2928       2932     270160     221054
1717851037       2615       2615     242306     190593
1717851047       2651       2649     243388     192139
1717851057       2620       2617     242329     190626
1717851067       2651       2650     243990     191930
1717851078       2678       2673     244026     191425
1717851088       2663       2657     244316     192229
1717851098       2369       2368     218913     172727
1717851108       2625       2624     241379     190703
1717851118       2644       2641     243165     191718
1717851128       2628       2626     242411     190781
1717851139       2692       2692     245112     195044
1717851149       2623       2619     241112     190557
1717851159       2589       2589     235729     189126
1717851169       2622       2622     237051     190429
1717851179       2646       2644     236860     190108
1717851189       2651       2648     243576     191600
1717851199       2609       2608     237061     190459
1717851210       2355       2354     213806     171494
1717851220       2617       2617     237115     190400
1717851230       2639       2635     243332     191177
1717851240       2609       2610     236719     190069
1717851250       2595       2593     235800     189173
1717851260       2599       2598     236224     189548
1717851271       2658       2657     243052     192155
1717851281       2634       2632     236297     189617
1717851291       2629       2627     236843     190590
1717851301       2567       2583     235531     188878
1717851311       2425       2400     221600     173942
1717851321       2629       2625     241953     190830
1717851332       2643       2640     242506     191768
1717851342       2629       2626     241987     190971
1717851352       2608       2605     240549     190106
1717851362       2659       2654     243204     192188
1717851372       2641       2639     241332     190731
1717851382       2667       2666     241829     192269
1717851392       2613       2611     240821     190596
1717851403       2657       2654     243041     192297
1717851413       2357       2355     218827     171970
1717851423       2625       2625     241473     190996
1717851433       2646       2644     243040     191842
1717851443       2638       2637     242763     191488
1717851454       2704       2741     256122     204619
1717851464       2600       2552     231101     179265
1717851474       2647       2644     242787     190755
1717851484       2677       2675     242610     192609
1717851495       2621       2618     240481     190767
1717851505       2655       2653     242186     192079
1717851515       2618       2616     240185     190651
1717851525       2631       2629     237688     190951
1717851535       2607       2606     236856     190254
1717851545       2593       2593     235647     189148
1717851555       2643       2639     242528     191497
1717851566       2597       2595     235845     189264
1717851576       2393       2394     215126     172470
1717851586       2871       2870     258533     207951
1717851597       2646       2643     243151     191866
1717851607       2596       2598     235764     189312
1717851617       2581       2580     235333     188729
1717851627       2393       2391     215687     173190
1717851637       2620       2620     242575     190725
1717851647       2613       2612     236917     190185
1717851658       2601       2599     236043     189446
1717851668       2650       2648     245342     191808
1717851678       2640       2639     236580     189917
1717851688       2594       2592     235594     189040
1717851698       2641       2640     239583     191437
1717851708       2587       2586     237350     188962
1717851718       2651       2648     240200     191662
1717851729       2341       2341     213375     171024
1717851739       2607       2608     238107     189953
1717851749       2639       2636     241170     191418
1717851759       2607       2606     237874     189700
1717851769       2617       2617     237115     190400
1717851779       2652       2649     239102     190401
1717851790       2644       2644     240825     191605
1717851800       2611       2609     237940     189849
1717851810       2617       2618     236583     190277
1717851820       2615       2612     237900     190054
1717851830       2360       2358     217489     171869
1717851840       2629       2629     238701     190734
1717851851       2597       2595     236125     189424
1717851861       2631       2629     238952     190815
1717851871       2612       2612     239661     190193
1717851881       2676       2674     239502     191470
1717851891       2586       2585     235198     188709
1717851901       2617       2619     237647     190418
1717851911       2631       2628     240346     191054
1717851922       2385       2383     216725     173182
1717851932       2607       2607     236620     189945
1717851942       2609       2608     237511     189955
1717851952       2641       2638     241351     191401
1717851962       2597       2594     236723     189179
1717851972       2593       2591     235927     189242
1717851983       2667       2665     239401     191302
1717851993       2631       2627     240981     190588
1717852003       2615       2612     238788     190158
1717852013       2603       2601     236142     189537
1717852023       2631       2628     239248     190942
1717852033       2369       2366     217027     172181
1717852044       2607       2606     238323     190017
1717852054       2631       2628     239146     190756
1717852064       2603       2599     239238     189639
1717852074       2641       2638     239309     191181
1717852084       2643       2641     237638     190045
1717852094       2641       2639     238041     191292
1717852104       2593       2589     238363     189158
1717852115       2615       2611     237892     189991
1717852125       2621       2619     238531     190628
1717852135       2351       2349     213608     171279
1717852145       2637       2634     240347     191327
1717852155       2607       2604     237364     189634
1717852165       2597       2593     237451     189388
1717852176       2631       2629     237582     190811
1717852186       2643       2641     238658     190157
1717852196       2637       2634     238719     190999
1717852206       2599       2596     237810     189486
1717852216       2591       2590     234962     188868
1717852226       2643       2640     240942     191600
1717852237       2601       2601     237829     189460
1717852247       2389       2388     216743     173313
1717852257       2595       2593     235746     189173
1717852267       2629       2628     240759     190921
1717852277       2599       2597     237880     189463
1717852287       2683       2681     239560     191705
1717852298       2593       2593     235927     189308
1717852308       2607       2607     238306     190009
1717852318       2627       2624     239188     190704
1717852328       2613       2610     237979     190025
1717852338       2619       2621     237259     190688
1717852348       2365       2363     216929     172140
1717852359       2621       2620     238707     190497
1717852369       2615       2613     238338     190113
1717852379       2612       2610     241647     190403
1717852389       2703       2701     244406     192679
1717852399       2609       2608     241337     190287
1717852409       2627       2626     237330     190662
1717852420       2595       2595     236026     189399
1717852430       2597       2596     235845     189297
1717852440       2653       2650     244875     191899
1717852450       2361       2359     214121     171760
1717852460       2617       2616     237097     190341
1717852470       2607       2608     236844     190258
1717852480       2655       2651     244334     192173
1717852491       2655       2653     237206     190609
1717852501       2585       2587     235531     189010
1717852511       2660       2655     244527     192138
1717852521       2589       2588     235729     189093
1717852531       2627       2627     237330     190695
1717852541       2613       2610     240007     190193
1717852552       2489       2527     238817     189403
1717852562       2578       2532     230085     177675
1717852572       3122       3121     276279     226869
1717852582       2702       2701     246372     196155
1717852592       2665       2664     241893     191365
1717852602      32174      40538    2149234   12546657
1717852613      31276      46323    2826435   18238597
1717852623      58322     110116    4639167   58868203
1717852633      70187     102785    5659269   40574493
1717852643      59608     106417    4714427   52394892
1717852653      58120     118602    4593639   67991826
1717852663      56045      82671    4487961   32039128
1717852674      57432      98644    4589851   47560412
1717852684      56170      97186    4449407   47305782
1717852694      58096      94768    4619982   42806512
1717852704      61217     101756    4897541   47180532
1717852714      63944     115354    5091468   58696387
1717852724      61881      97700    4933568   42144378
1717852735      60063     105586    4763247   52263197
1717852745      39078      61694    3150946   26622117
1717852755      59076     104336    4678708   51897765
1717852765      43550      79484    3452076   40980846
1717852775      55710      87403    4461116   37405358
1717852785      54655     109064    4300782   61339776
1717852796      51088      78809    4083407   32830518
1717852806      64217     110088    5124020   52984597
1717852816      56015     108402    4406803   59290819
1717852826      67765      96726    5453563   35279242
1717852836      62701     109676    4986569   54024137
1717852846      60470     117283    4769692   64265332
1717852857      65305      98635    5224936   39757297
1717852867      61672     102302    4925733   47248219
1717852877      54012     125159    4208504   78960388
1717852887      62953      96075    5025598   39399944
1717852897      64899     118725    5150716   61394546
1717852907      47589     104321    3713173   63293192
1717852918      66142      95855    5312503   36002745
1717852928      58353     108215    4629872   56775821
1717852938      56285     124914    4382659   76444688
1717852948      59551      88651    4773905   34905645
1717852958      57152     104666    4543354   54264247
1717852969      46244      80207    3672393   39111625
1717852979       9962      25484     759481   17132179
1717852989      10464      29207     801074   20601055
1717853000      42967      58454    3466157   19297173
1717853010      59866     107611    4742471   54655218
1717853020      56962      85223    4580993   33825816
1717853030      57868     102130    4584492   50749339
1717853040      53668     114166    4193707   67660878
1717853050      53926      82456    4333126   33930995
1717853061      66008     116322    5236326   57762279
1717853071      53896     103124    4246923   55816013
1717853081      59370     104118    4699718   51443747
1717853091      56870     100857    4540070   50534932
1717853101      59043     101617    4685422   49046748
1717853111      57490      92119    4590699   40559265
1717853122      51967     101379    4120277   55858225
1717853132      58736      84613    5015771   31712327
1717853142      51107      89700    4052299   44334167
1717853152      62367     117100    4941376   62239464
1717853162      55227      87601    4408386   38070622
1717853172      67250     110358    5362650   50163919
1717853183      56735     102418    4516540   52256573
1717853193      60894      93108    4871528   38332928
1717853203      55314      93296    4406204   43954528
1717853213      57248     106293    4545482   55803887
1717853223      59860      96616    4769230   43012635
1717853233      54531     105069    4311199   57241066
1717853244      47877      73866    3848638   30799025
1717853254      66365     109575    5282294   50212393
1717853264      60920     118268    4808067   64837514
1717853274      53557     251520    3753485  213394647
1717853284      50646     261026    3465347  230204008
1717853294      51372     317118    3312084  280926255
1717853305      55368     269772    3851977  230823770
1717853315      44216     239389    2972222  209714550
1717853325      48346     248479    3296042  215276108
1717853335      50187     249994    3473144  215081502
1717853345      47476     251043    3217150  218812841
1717853355      49699     253600    3402917  219301125
1717853366      50497     255625    3480275  220720915
1717853376      51999     294615    3443735  260586164
1717853386      52374     295896    3482054  261527244
1717853396      52796     267170    3638721  230638244
1717853406      46981     247373    3173588  215487115
1717853416      45711     241044    3092377  210072900
1717853427      54399     255378    3821181  216590040
1717853437      48453     244016    3326530  210383833
1717853447      44604     244010    2995196  214208580
1717853457      45508     242065    3098665  211309989
1717853467     361451     363162   33005765   28841155
1717853477     199919     199051   18573354   14692018
1717853488     203413     203496   17252052   14648004
1717853498     202395     202388   16687916   14266530
1717853508     184798     189013   13267082   13626936
1717853518      41389      43301    4145817    5196359
1717853528      96912      96128    9413415    7771369
