1717837433        788        783      75772      58317
1717837444       7953      10147     542809    4955758
1717837454      65331      67524    5510465    8243049
1717837464      14024      14020    1196244    1235229
1717837474       1829       1808     199219     142796
1717837484       6245      69806     364886   67785798
1717837495      15636      15594    1640310    1272966
1717837505      27310     491872     774072  494230195
1717837516       2147       2276     478875     577973
1717837526       1578       1247     461465      85676
1717837536       1157       1108     155710      79246
1717837547       5158       3022    2524536     212366
1717837557       2850       1282    1773807      85445
1717837567       1166       1114     152357      79438
1717837578       2025       1973     230333     142387
1717837588       1176       1123     154266      79860
1717837598       1408       1354     175064      95909
1717837609       1863       1808     218630     129537
1717837621       1117       1063     147905      76729
1717837631       2254       3133     243701    1143094
1717837642       2513       2462     266546     178011
1717837652       8692       7360    2068013     589335
1717837662      10882       8989    2836208     723597
1717837673      23412      18395    7048577    1534985
1717837683      12520       5978    7508996     464716
1717837693       3065       1588    1688691     109938
1717837704       1388       1327     181722      95956
1717837714       1320       1260     174127      90417
1717837724       1360       1291     184619      91501
1717837735       1340       1268     187959      90886
1717837745       1399       1338     175980      92080
1717837755       1306       1246     173132      89480
1717837766       1373       1306     184837      92095
1717837776       1324       1261     177797      90294
1717837786       1306       1245     173354      89581
1717837797       1336       1276     174411      90661
1717837807       1330       1268     175716      90588
1717837817       1352       1289     179803      91328
1717837828       1265       1206     169263      87270
1717837838       1366       1312     174175      94321
1717837848       1347       1288     172884      88926
1717837859       1270       1209     169421      86061
1717837869      39249       3620   38212339     167427
1717837879      77404       6213   76274502     261668
1717837890      40988       5367   38354040     298441
1717837900       4028       3624     750789     268924
1717837910       6434       2799    4109758     192368
1717837921       1183       1132     159831      79123
1717837931       1151       1099     155738      77917
1717837941       2520       1267    1445523      84084
1717837952       2436       1199    1423750      81823
1717837962       1140       1091     152377      77633
1717837972       1163       1115     152699      78295
1717837983       1141       1092     152328      77445
1717837993       1158       1107     152146      77822
1717838003       1111       1062     150731      76080
1717838014       1157       1106     153034      77865
1717838024       1150       1099     151413      77695
1717838034       1142       1093     151274      77292
1717838045       1181       1133     150889      78220
1717838055       1122       1074     148935      76312
1717838065       1191       1141     153489      79797
1717838075       1119       1071     150117      76477
1717838086       1495       1447     184162     106604
1717838096       4591       2899    2057307     213983
1717838106       7395       3904    4067952     287648
1717838117       5504       2713    3209906     191501
1717838127       1814       1483     485513     106097
1717838138       1067       1019     138273      72484
1717838148       1110       1063     138890      72999
1717838158       1109       1062     141810      75160
1717838169       1506       1454     175151     102715
1717838179       1277       1227     157331      86575
1717838189       1077       1030     138940      73014
1717838199       1056       1006     142358      71920
1717838210       2348       1750     793717     128012
1717838220      25634      24023    3971220    2035727
1717838230       8852       8439    1229851     705199
1717838241       1146       1099     146671      77297
1717838251       1208       1168     148580      95148
1717838261       1297       1249     158247      90379
1717838272       1349       1297     165942      92093
1717838282       1053       1006     137604      71868
1717838292       1059       1009     141409      72292
1717838303       1099       1049     142933      74146
1717838313       1082       1032     144519      73385
1717838323       1116       1069     143436      76011
1717838333       1587       1546     183541     116037
1717838344      15809      15764    1545798    1364883
1717838354       9860       9635    1218142     838922
1717838364       7626       7579     762474     638142
1717838375       1063       1016     139568      72717
1717838385       1049       1001     139204      71601
1717838395       1325       1181     257695      81881
1717838406       2308       1481    1009679     103430
1717838416       2425       1353    1264564      94943
1717838426       1248       1201     154291      85590
1717838440       1026        982     136551      70860
1717838451       1132       1080     150363      74017
1717838461       1068       1017     145102      72485
1717838471       1057       1011     137802      72083
1717838482       1047        999     141731      71842
1717838492       1061       1015     141318      72463
1717838502       1061       1015     138280      72425
1717838513       1023        977     136119      70536
1717838523       1079       1031     145955      73276
1717838533       1061       1014     141639      72292
1717838544       1057       1013     138112      72426
1717838554       1081       1035     137289      71683
1717838564       1056       1006     144201      72094
1717838574       1100       1052     143770      73779
1717838587       1019        974     136201      70547
1717838600       1107       1058     145968      74219
1717838611       1051       1005     140993      72086
1717838621       1065       1018     138198      72414
1717838635       1069       1021     143189      72631
1717838654       1142       1095     144223      74463
1717838665       1069       1023     138397      72629
1717838675       1061       1014     143170      72516
1717838685       1053       1004     140822      71780
1717838696       1059       1012     138182      72301
1717838706       1033        989     137783      71005
1717838716       1085       1038     142995      73876
1717838727       1043        996     140126      71447
1717838737       1065       1018     139047      72630
1717838748       1059       1012     142064      72247
1717838758       1114       1065     142639      73353
1717838768       1033        986     136615      70958
1717838779       1031        984     137654      71083
1717838789       1110       1060     147068      74391
1717838799       1035        986     139235      71039
1717838810       1095       1048     142642      75452
1717838820       1039        991     138449      71306
1717838830       1096       1047     146238      73952
1717838840       1035        989     138191      71321
1717838851       1066       1019     137593      71289
1717838861       1072       1025     139063      72591
1717838871       1065       1015     144405      72573
1717838882       1059       1011     140076      72272
1717838892       1033        986     136614      70958
1717838902       1072       1020     147009      72596
1717838913       1077       1029     140679      72931
1717838923       1029        982     136697      70936
1717838933       1059       1012     139288      72357
1717838944       1055       1006     141816      71983
1717838954       1125       1076     143148      73842
1717838964       1034        987     136391      70806
1717838974       1085       1038     142021      73548
1717838985       1036        986     140875      70960
1717838995       1059       1011     140608      72216
1717839005       1063       1014     140396      72313
1717839016       1059       1010     139308      72131
1717839026       1095       1045     144525      74678
1717839036       1053       1007     140504      71853
1717839047       1093       1047     141602      74644
1717839057       1069       1022     137219      71108
1717839067       1044       1000     139019      71914
1717839078       1079       1033     143918      73368
1717839088       1048       1001     138716      72464
1717839098       1115       1069     143609      76101
1717839109       1035        989     138732      71294
1717839119       1047        999     139426      71622
1717839129       1071       1024     142306      72911
1717839140       1071       1027     141167      73033
1717839150       1063       1016     140964      72370
1717839160       1089       1040     139991      71978
1717839171       1077       1031     141109      73053
1717839181       1032        987     139151      71267
1717839191       1061       1011     141671      71977
1717839201       1063       1018     140274      73493
1717839212       1053       1007     139047      71905
1717839222       1072       1024     141717      72937
1717839232       1045        997     141205      71479
1717839243       1059       1023     139331      89303
1717839253       1279       1313     152258     137087
1717839263       1076       1029     140366      72106
1717839274       1073       1027     140467      72707
1717839284       1057       1009     141393      72405
1717839294       1085       1035     141245      73147
1717839305       1029        982     137745      71574
1717839315       1055       1007     139478      71930
1717839325       1069       1022     141687      73036
1717839336       1055       1007     139270      72968
1717839346       1045        998     139377      71806
1717839356       1093       1046     139799      72504
1717839366       1082       1034     143230      73739
1717839377       1039        990     139676      71061
1717839387       1035        987     139746      71236
1717839397       1069       1022     138489      72670
1717839408       1059       1008     143210      72073
1717839418       1071       1021     142652      72454
1717839428       1043        996     138922      71733
1717839439       1045       1000     139726      72037
1717839449       1067       1019     141165      72615
1717839459       1093       1046     139991      72434
1717839470       1053       1006     138228      71809
1717839480       1057       1009     141511      72245
1717839490       1077       1028     142253      73032
1717839500       1037        989     137803      71077
1717839511       1061       1013     139173      72307
1717839521       1061       1012     143691      72368
1717839531       1033        985     138577      71063
1717839542       1057       1009     138955      72013
1717839552       1046        998     139307      71624
1717839562       1136       1087     146035      74141
1717839573       1032        984     138091      71116
1717839583       1041        994     137361      71378
1717839593       1053       1006     139471      72188
1717839604       1077       1027     144029      72929
1717839614       1045        997     138965      71635
1717839624       1037        990     138773      71144
1717839635       1061       1015     143805      72649
1717839645       1061       1015     138843      72321
1717839655       1036        989     137444      71162
1717839665       1102       1056     140456      72803
1717839676       1075       1028     143192      73149
1717839686       1051       1003     139122      71692
1717839696       1033        988     138867      71400
1717839707       1049       1004     138815      72098
1717839717       1076       1027     142519      72791
1717839727       1039        994     138710      71405
1717839738       1068       1024     141798      72801
1717839748       1039        992     137902      71447
1717839758       1080       1032     142035      72646
1717839769       1084       1037     140768      72306
1717839779       1067       1016     142324      72165
1717839789       1069       1021     142837      72727
1717839800       1049       1002     139069      71690
1717839810       1037        992     139543      71482
1717839820       1051       1004     137580      71825
1717839831       1050       1003     140827      72025
1717839841       1081       1036     142502      73133
1717839851       1040        993     138230      71558
1717839862       1147       1095     150174      74928
1717839872       1062       1017     144418      72822
1717839882       1096       1045     146236      74140
1717839892       1045        999     137489      71697
1717839903       1029        986     136417      70908
1717839913       1053       1006     138563      72084
1717839923       1086       1038     147034      73633
1717839934       1011        964     135806      70117
1717839944       1051       1004     137506      71777
1717839954       1053       1005     141285      71977
1717839965       1131       1082     146026      74161
1717839975       1041        993     137930      71228
1717839985       1059       1011     139196      72104
1717839996       1049        998     140841      71584
1717840006       1069       1019     144033      72565
1717840016       1041        994     137941      71538
1717840027       1049       1001     139941      71713
1717840037       1071       1025     143101      73295
1717840047       1043        996     137184      71461
1717840057       1066       1017     141981      72571
1717840068       1134       1083     149212      74228
1717840078       1076       1026     146599      73340
1717840088       1121       1069     150239      75041
1717840099       1071       1023     144964      73370
1717840109       1112       1064     147279      75100
1717840119       1071       1022     146702      73349
1717840130       1083       1035     148264      73932
1717840140       1093       1044     146481      74126
1717840150       1052       1014     137255      88005
1717840161       1213       1251     145393     134640
1717840171       1102       1053     141114      72548
1717840181       1091       1040     146674      73641
1717840192       1025        978     136293      70642
1717840202       1023        976     136400      70663
1717840212       1093       1042     143699      73348
1717840223       1053       1005     143143      72171
1717840233       1063       1018     138100      72371
1717840243       1029        984     137171      71058
1717840254       1053       1005     139687      71969
1717840264       1104       1058     144394      73439
1717840275       1046       1000     136706      71225
1717840285       1067       1021     141368      72922
1717840295       1061       1013     143343      72315
1717840306       1086       1037     151386      73824
1717840316       1098       1048     147842      74013
1717840327       1123       1071     152114      75180
1717840337       1071       1024     147021      73226
1717840347       1082       1033     144692      73712
1717840357       1089       1043     146089      74241
1717840368       1121       1074     147633      74446
1717840378       1112       1063     149081      74905
1717840388       1099       1051     149704      74436
1717840399       1086       1039     147848      74244
1717840409       1065       1015     147229      72667
1717840419       1078       1030     149334      73601
1717840430       1125       1078     149628      75629
1717840440       1055       1008     144901      72220
1717840450       1121       1068     150469      74956
1717840461       1074       1025     147195      73395
1717840471       1153       1108     148915      75612
1717840481       1079       1030     148879      73774
1717840492       1108       1060     149720      74825
1717840502       1106       1060     148986      74799
1717840512       1063       1012     145448      72319
1717840522       1059       1013     138108      72268
1717840533       1031        986     136516      70933
1717840543       1099       1047     148824      74002
1717840553       1045        998     138193      71500
1717840564       1106       1053     152105      74452
1717840574       1143       1096     145520      74841
1717840584       1074       1027     147590      73668
1717840595       1107       1061     148718      75034
1717840605       1076       1028     149055      73510
1717840615       1081       1028     150045      73184
1717840626       1092       1046     147926      74668
1717840636       1065       1020     142702      72793
1717840646       1055       1010     138029      72316
1717840657       1031        986     136516      70933
1717840667       1103       1053     147346      73938
1717840677       1126       1076     148422      74261
1717840687       1051       1004     145978      72505
1717840698       1094       1047     148272      74314
1717840708       1041        995     137365      71563
1717840718       1047       1002     137308      71661
1717840729       1047       1000     139060      71703
1717840739       1083       1033     145866      73310
1717840749       1041        996     137291      71548
1717840760       1051       1004     137580      71825
1717840770       1093       1045     142005      72657
1717840780       1122       1071     149170      74914
1717840791       1046        998     145220      72305
1717840801       1099       1051     148338      74660
1717840811       1067       1020     145554      73385
1717840822       1063       1015     144518      72690
1717840832       1109       1060     149839      74996
1717840842       1091       1042     149084      74047
1717840852       1068       1022     146555      73372
1717840863       1114       1067     149917      75229
1717840873       1056       1010     136640      70861
1717840883       1110       1063     149661      74871
1717840894       1064       1015     145959      72629
1717840904       1091       1041     149696      74010
1717840914       1041        995     137011      71355
1717840925       1043        998     137390      71639
1717840935       1089       1038     148483      73390
1717840945       1035        990     137040      71416
1717840956       1057       1012     137803      72126
1717840966       1018        972     136927      70496
1717840976       1146       1095     149507      74384
1717840987       1100       1052     148234      74576
1717840997       1117       1068     149926      75296
1717841007       1058       1012     142959      72599
1717841017       1092       1046     147264      74322
1717841028       1097       1049     149169      74679
1717841038       1060       1013     144602      72657
1717841048       1134       1094     149765      92184
1717841059       1118       1077     148607      91159
1717841069       1207       1234     150583     118694
1717841079       1172       1124     150463      76486
1717841090       1071       1023     145598      73328
1717841100       1091       1048     145240      74299
1717841110       1078       1030     146501      73772
1717841121       1105       1056     150241      74694
1717841131       1069       1022     146775      73412
1717841141       1100       1053     149281      74645
1717841152       1055       1007     142690      72264
1717841162       1089       1041     149069      73999
1717841172       1115       1066     150051      74722
1717841183       1096       1050     144836      73447
1717841193       1094       1047     148604      74368
1717841203       1085       1036     147090      73369
1717841213       1129       1077     151695      75649
1717841224       1092       1045     146935      74069
1717841234       1097       1049     149357      74679
1717841244       1100       1054     150038      75457
1717841255       1074       1023     146976      72998
1717841265       1114       1061     151615      74609
1717841275       1059       1012     136992      71123
1717841286       1060       1013     137475      71887
1717841296       1049       1002     138187      71960
1717841306       1107       1054     148798      74049
1717841317       1021        974     136303      70582
1717841327       1035        988     136790      71107
1717841337       1091       1042     143690      74977
1717841348       1301       1250     166417      92020
1717841358       1103       1056     156902      74519
1717841368       1053       1006     138353      71860
1717841379       1164       1111     151882      75812
1717841389       1116       1065     147399      74937
1717841399       9401       1514    8525981      87635
1717841410       1197       1424     153291     369096
1717841420       1061       1013     143440      72647
1717841430       5352       1351    4375277      85725
1717841441       4969       1537    4056372     369242
1717841451       1090       1044     144905      74049
1717841461       1080       1032     147173      73476
1717841472       1095       1048     144640      74053
1717841482       1118       1070     147407      74060
1717841492       9376       1503    8509680      86639
1717841503       1198       1437     154504     383440
1717841513       1057       1010     144010      72502
1717841523       1089       1043     146992      74211
1717841534       1068       1019     144825      72785
1717841544       1130       1082     149596      75727
1717841554       1071       1023     147844      73218
1717841565       5313       1312    4368612      84079
1717841575       5196       1604    4253567     394076
1717841585       1150       1104     146342      75387
1717841596       1084       1038     146726      74209
1717841606       1084       1038     143961      73910
1717841616       1089       1041     147895      74093
1717841627       1095       1046     146397      74083
1717841637       1059       1012     146582      72977
1717841647       1097       1051     148833      74579
1717841658       1109       1062     148265      75456
1717841668       1109       1058     150749      74528
1717841678       1126       1079     149741      74691
1717841689       1113       1066     146748      74597
1717841699       1110       1058     151313      75358
1717841709       1097       1048     150215      74130
1717841720       1109       1061     147904      74943
1717841730       1082       1035     147082      73716
1717841740       1101       1052     146595      74382
1717841751       1120       1070     150888      75779
1717841761       1119       1071     151160      76150
1717841771       1430       1384     164915      99192
1717841782       1244       1198     150386      84572
1717841792       1097       1050     147916      73709
1717841803       1093       1043     149734      74100
1717841813       1124       1074     149019      75200
1717841823       1076       1029     144962      74084
1717841834       1101       1053     147097      74587
1717841844       1128       1081     150581      76104
1717841854       1069       1021     139326      73268
1717841865       1065       1015     145153      72957
1717841875       1110       1063     146153      75039
1717841885       1125       1078     147665      74323
1717841896       1108       1061     147276      75582
1717841906       1057       1007     145680      72671
1717841916       1097       1050     145689      74374
1717841927       1071       1022     146916      73181
1717841937       1070       1022     144362      72853
1717841947       1136       1092     151052      92480
1717841958       1127       1085     147549      91276
1717841968       1214       1242     150562     118937
1717841978       1078       1030     144035      73380
1717841988       1098       1050     142216      72891
1717841999       1097       1048     145145      74092
1717842009       1061       1013     143073      72699
1717842019       1073       1026     143275      73062
1717842030       1081       1035     146388      74410
1717842040       1097       1050     145171      74046
1717842050       1058       1008     143866      72289
1717842061       1115       1068     145950      74865
1717842071       1039        991     142922      71534
1717842081       1098       1051     144514      73644
1717842092       1124       1077     145663      74215
1717842102       1090       1041     144227      73458
1717842112       1055       1006     142316      72121
1717842123       1081       1033     142811      73177
1717842133       1091       1040     143834      73585
1717842143       1073       1026     143224      72921
1717842154       1075       1028     142210      73205
1717842164       1071       1024     140500      73079
1717842174       1042        996     139715      71940
1717842185       1117       1071     142569      74069
1717842195       1082       1035     140782      73248
1717842205       1083       1037     142122      73818
1717842216       1059       1013     141108      72592
1717842226       1057       1010     141649      72494
1717842236       1075       1028     142712      73153
1717842247       1075       1029     142546      73346
1717842257       1073       1026     142605      73062
1717842267       1051       1004     142096      72221
1717842278       1078       1032     142555      73284
1717842288       1103       1057     142158      73320
1717842298       1100       1053     144175      74317
1717842308       1069       1027     142515      73927
1717842319       1085       1036     143579      73460
1717842329       1049       1000     142533      71956
1717842339       1071       1026     143100      73697
1717842350       1065       1019     138585      73337
1717842360       1043        997     142456      71730
1717842370       1051       1005     137772      71970
1717842381       1045        999     137195      71519
1717842391       1125       1080     142054      74753
1717842401       1072       1025     142833      72865
1717842412       1081       1031     144617      73345
1717842422       1073       1025     144325      72813
1717842432       1036        988     141375      71410
1717842443       1097       1052     144572      74243
1717842453       1066       1020     142750      72841
1717842463       1071       1021     142976      72656
1717842474       1083       1035     144500      74272
1717842484       1100       1053     144348      74082
1717842494       1106       1057     143986      73162
1717842505       1027        982     136304      70751
1717842515       1077       1029     143785      73155
1717842525       1079       1030     142318      73295
1717842536       1049       1001     141569      72097
1717842546       1085       1035     143449      73475
1717842556       1081       1032     142817      73346
1717842567       1045        996     141283      71614
1717842577       1051       1004     140574      72329
1717842587       1108       1061     142348      73536
1717842598       1085       1037     142580      73464
1717842608       1057       1009     141807      72301
1717842618       1057       1010     141747      72676
1717842629       1059       1012     137888      72141
1717842639       1029        985     141197      71427
1717842649       1070       1023     143217      72887
1717842660       1079       1031     144506      73510
1717842670       1059       1015     142746      72632
1717842680       1064       1018     143770      72963
1717842691       1120       1075     145451      74139
1717842701       1094       1045     145120      73538
1717842711       1049       1000     142595      71688
1717842722       1079       1031     144816      73246
1717842732       1094       1045     144828      73796
1717842742       1050       1006     141461      72292
1717842753       1081       1034     143085      73318
1717842763       1061       1013     141983      72643
1717842773       1077       1031     143003      73325
1717842784       1062       1016     142891      72716
1717842794       1109       1059     143595      73001
1717842804       1066       1020     143064      72957
1717842815       1076       1031     143641      73217
1717842825       1074       1026     144054      73031
1717842836       1071       1021     144168      72708
1717842846       1101       1061     145418      90033
1717842856       1080       1040     143329      89441
1717842866       1083       1033     144028      73250
1717842877       1223       1254     149964     119411
1717842887       1073       1025     142401      72855
1717842897       1085       1038     140357      72358
1717842908       1065       1021     141169      72845
1717842918       1067       1020     141858      72883
1717842928       1067       1018     141952      72615
1717842939       1063       1015     141694      72782
1717842949       1065       1018     141099      72854
1717842959       1063       1016     141660      72875
1717842970       1079       1032     142630      73443
1717842980       1031        983     140910      71326
1717842990       1095       1048     142567      73520
1717843001       1106       1057     143721      74757
1717843011       1081       1032     143309      73484
1717843021       1033        986     136881      71118
1717843032       1045        998     137195      71504
1717843042       1051       1002     143281      72096
1717843052       1057       1010     137863      72098
1717843063       1025        978     136485      70754
1717843073       1045        997     138123      71401
1717843083       1064       1017     141752      72826
1717843093       1098       1049     143560      72944
1717843104       1063       1015     142266      72386
1717843114       1086       1038     143984      73525
1717843124       1071       1022     144006      73005
1717843135       1039        992     140780      71623
1717843145       1060       1013     142537      72717
1717843155       1075       1027     143378      73142
1717843166       1075       1026     143908      73139
1717843176       1066       1018     142830      72771
1717843186       1052       1003     141754      72188
1717843197       1128       1080     144332      74195
1717843207       1073       1025     143159      72791
1717843217       1051       1015     142534      72182
1717843228       1063       1017     142978      72692
1717843238       1065       1020     142381      72764
1717843248       1059       1012     142822      72585
1717843259       1063       1014     143042      72433
1717843269       1071       1025     144250      73104
1717843279       1066       1020     142254      72771
1717843289       1072       1024     143282      73153
1717843300       1120       1072     143671      73340
1717843310       1063       1014     143250      72377
1717843320       1089       1041     143843      73541
1717843331       1037        995     139465      71905
1717843341       1496       1794     247088     391793
1717843351       1027        981     139653      71162
1717843362       1477       1625     250692     385664
1717843372       1063       1018     142943      73109
1717843382       1671       1753     338216     393927
1717843393       1637       1700     338077     379205
1717843403       1110       1064     143929      73399
1717843413       1063       1018     142857      72997
1717843424       1069       1022     143540      73044
1717843434       1073       1028     145686      73564
1717843444       1062       1016     143337      72659
1717843455       1051       1002     142997      71935
1717843465       1095       1048     144967      74223
1717843475       1067       1022     143755      72855
1717843486       1047       1000     142631      72147
1717843496       1097       1048     144235      73329
1717843506       1105       1056     144060      73562
1717843517       1430       1381     176256     100168
1717843527       2492       1446    1242078     102497
1717843537       1086       1035     144103      73370
1717843547       1176       1126     154374      81401
1717843558       1787       1233     697895      86254
1717843568       1292       1241     164467      90321
1717843578       1256       1417     230528     381625
1717843589       1072       1021     145352      72738
1717843599       1144       1089     147655      74559
1717843609       1088       1037     144274      73203
1717843620       1797       1876     367420     425494
1717843630       1428       1282     269504      92309
1717843640       1625       1713     337669     398310
1717843651       1755       1541     364012     111501
1717843661       2306       2212     579702     441918
1717843671       1060       1014     140114      72452
1717843685       1112       1063     147069      74571
1717843695       1047       1000     138717      71515
1717843706       1277       1211     183836      85020
1717843716       8121       6213    2584089     464440
1717843726      11553       6064    6373072     431169
1717843737       6281       1982    4748270     131694
1717843747       3881       1591    2581011     123458
1717843757       1110       1068     147263      92614
1717843768       1786       1472     466879     105891
1717843778       1582       1347     438272     125362
1717843789       4721       2140    2944334     148309
1717843799       2202       1484     893439     103062
1717843810       3304       1498    2052640     102746
1717843820       3523       1699    2094871     118131
1717843830       1144       1095     149413      78486
1717843840       2735       1692    1266876     122172
1717843851       2834       1673    1388680     119988
1717843861       3195       2348    1454583     509471
1717843871       3365       2322    1653139     500433
1717843886       4499       2289    2554080     162848
1717843898       6847       3249    4125479     231084
1717843908       1621       1571     188817     111663
1717843919       3493       2294    1520760     163858
1717843929       5240       2520    3142946     175052
1717843939       1423       1381     178514      99096
1717843950       2590       1495    1298465     105858
1717843960       1289       1238     167761      88184
1717843970       1127       1079     150693      76737
1717843981       1553       1483     214217     111771
1717843991       5618       5514     626523     413398
1717844001      11414       6455    5838468     460568
1717844012       8097       2161    6503466     138977
1717844022       5292       1693    3980120     111691
1717844032       1175       1128     155422      80824
1717844043       1151       1530     153955      93663
1717844053       1221       1306     166543      87424
1717844063       1181       1129     155439      80772
1717844074       2766       1568    1419293     109642
1717844084       5145       1946    3578873     131532
1717844094       4986       1928    3427306     131075
1717844105       2449       1410    1231584      96391
1717844115       2840       1419    1640454      97242
1717844125       2442       1349    1286450      95006
1717844136       3151       1705    1686325     119718
1717844146       4394       2009    2718681     141669
1717844156       2815       1590    1446421     111679
1717844167       6798       3248    4496816     577698
1717844177       6422       2250    4642559     154585
1717844187       6684       2596    4586559     180293
1717844198       4421       1713    3036883     115961
1717844208       4640       2057    2926299     140217
1717844218       3157       1605    1795345     111776
1717844229       2827       1540    1507526     106128
1717844239       1722       1410     463778     101214
1717844249       2768       1671    1319031     118605
1717844259       1674       1361     458256      97026
1717844270       2456       1210    1438246      83383
1717844280       2821       1551    1492978     108862
1717844290       2555       1453    1300638     101162
1717844301       2936       1489    1673901     103010
1717844311       2554       1459    1295365      99380
1717844321       1202       1148     157892      82141
1717844332       1174       1121     156226      80740
1717844342       1453       1402     183655     102345
1717844353       1212       1153     165305      82313
1717844363       1170       1116     156309      80685
1717844373       1479       1192     408509      83951
1717844384       1168       1113     157660      80509
1717844394       1454       1395     184959      99287
1717844404       2469       1247    1408579      84669
1717844414       1223       1169     157512      81908
1717844425       1156       1103     155671      80081
1717844435       1223       1171     159800      84020
1717844446       2683       1402    1488472      96714
1717844456       1520       1466     186549     106542
1717844466       4206       1551    2964667     103764
1717844477       2831       1545    1507719     108280
1717844487       4192       1458    3036884      97976
1717844497       4873       1771    3453436     120175
1717844508       4378       1661    3038578     110721
1717844518       1438       1383     178817      99180
1717844528       3157       1459    1938575     101681
1717844539       3267       2986    1582002    1241200
1717844549       2164       1602     742012     115511
1717844559       1630       1662     197099     200573
1717844570       1386       1335     177563      98661
1717844580       1251       1197     163833      85070
1717844590       1216       1160     166278      83498
1717844601       1187       1135     158225      81548
1717844611       1548       1220     454418      83828
1717844622       1212       1156     161174      82390
1717844632       1223       1169     166232      83399
1717844642       5181       3825    3002861    1496825
1717844653       1932       2230     221620     513814
1717844663       3562       2265    1931116     517746
1717844673       1326       1351     163839     127020
1717844684       2748       2670    1460442    1345501
1717844694       7657       3067    5500251     554322
1717844704       1857       1808     216279     131141
1717844714       1353       1300     167941      91031
1717844725       1169       1117     156062      80442
1717844735       1487       1171     446100      82705
1717844745       1355       1303     170462      93450
1717844756       2579       1486    1299439     104235
1717844766       1175       1124     155424      80692
1717844776       2723       1433    1502044      99017
1717844787       1177       1124     155524      80717
1717844797       1167       1116     154749      80168
1717844807       1187       1135     156519      80867
1717844818       1283       1224     168443      83908
1717844828       1157       1106     155026      80205
1717844838       1344       1293     170326      93341
1717844849       2756       1535    1436005     106089
1717844859       1151       1098     153958      79374
1717844869       1177       1123     156504      80632
1717844880       1213       1157     165218      82388
1717844890       1199       1146     156793      81744
1717844900       2837       1613    1450246     113655
1717844911       1325       2641     160984    1536995
1717844921       1202       1149     156421      81669
1717844931       1205       1148     164879      82615
1717844942       2702       1543    1445173     179370
1717844952       1506       1453     186812     106866
1717844962       4835       3420    3282594    1730058
1717844973       1683       1728     201726     220515
1717844983       4612       1703    3248629     113941
1717844993       1574       1521     194083     112462
1717845004       2905       1268    1848308      85171
1717845014       3492       3596    1383486    1441969
1717845024       3398       1726    1934689     120206
1717845035       1743       3115     202144    1621870
1717845045       5112       4487    2332086    1600712
1717845055       4436       4789    2206428    2538040
1717845066       4690       2328    2726547     164493
1717845076       4786       5664    1549521    2417317
1717845086       2652       1214    1635788      81388
1717845097       4860       6050    1878980    3068624
1717845107       1520       2647     176955    1348594
1717845117       5519       2714    3229586     190490
1717845128       2757       4503     284507    2090657
1717845138       2002       1166     997743      80047
1717845148       2778       4037     301664    1588561
1717845158       2765       2454    1688388    1330430
1717845169       1302       1255     163438      91037
1717845179       5714       4319    2390294     834961
1717845189       3324       5898     333541    3017576
1717845200       1089       1041     144286      74936
1717845210       1113       1067     145672      75924
1717845220       1325       1179     257694      79847
1717845231       1083       1035     143709      74503
1717845241       1099       1052     145817      75372
1717845251       1338       1287     169235      94529
1717845262       1325       1277     168080      93564
1717845273       2867       3027    1503820    1629803
1717845283       1093       1043     144484      75078
1717845293       1107       1059     144897      75595
1717845304       1122       1069     150978      76160
1717845314       1140       1088     151342      76477
1717845324       1122       1073     144778      75376
1717845335       1118       1070     147244      76031
1717845345       1103       1053     148017      75459
1717845355       1155       1104     153123      78476
1717845366       2900       1652    1472530     115694
1717845376       2634       1542    1296775     107155
1717845387       2797       1374    1637627      93871
1717845397       2779       1328    1664446      91659
1717845407       2587       1342    1446120      92124
1717845418       4965       2093    3241006     144844
1717845428       1844       3020     207650    1422481
1717845438       1080       1034     144482      74877
1717845448       1125       1073     148377      76371
1717845459       4778       4415    2081157    1626858
1717845469       3198       2786    1882011    1409343
1717845479       1304       1254     164981      91547
1717845490       4019       4361    1601971    1919458
1717845500       1088       1042     141979      74383
1717845510       3572       2159    1708724     160256
1717845521       6037       5989     584202     436195
1717845531       1401       1352     172398      97537
1717845541       2773       2726     297218     201248
1717845552       6085       5284    2679768    1754363
1717845562       1632       1593     191352     130648
1717845572       2798       2827     292835     235837
1717845583       4202      10177     417414    6684083
1717845593       4931       6079     751941    1888777
1717845603       1940       2082     221168     336461
1717845614       2230       2081     679185     487658
1717845624       2409       2273     519583     329880
1717845634       2013       1965     403425     316367
1717845645       2069       2034     285035     210279
1717845655       2368       2075     549346     196741
1717845665       2392       2282     465456     302218
1717845675       4827       2925    2375079     295512
1717845686       3151       5559     318079    2804446
1717845696       2168       2197     239053     237336
1717845706       5982       6433    2558932    2941518
1717845717       3702       3479    1688771    1400457
1717845727       2301       2399     249158     311987
1717845737       7192       6241    1605300     487517
1717845748       6908       5694    1800816     413265
1717845758       4652       4609     462775     342181
1717845768       5366       4584    2140158    1220545
1717845779       1104       1056     145280      76304
1717845789       1877       2091     213345     407999
1717845799       2212       1636     757123     116051
1717845810       1133       1084     150647      76857
1717845820       1776       2758     352490    1367039
1717845830       3101       3069    1724462    1652241
1717845841       1498       1802     178924     473615
1717845851       1804       1756     208193     127768
1717845861       1086       1038     143631      74102
1717845872       1418       1106     432862      77042
1717845882       1182       1038     245891      74183
1717845892       1052       1005     140732      72800
1717845903       1837       1793     210966     129030
1717845913       1119       1066     151872      75852
1717845923       4630       4588     456252     337791
1717845934       3343       4770     444571    1897014
1717845944       2047       1995     236180     145151
1717845954       1821       1560     416866     109554
1717845965       3139       3644     328441     806638
1717845975       2600       2826     281399     473822
1717845985       1819       1672     307972     120359
1717845996       2135       2175     251626     254212
1717846006       8748       9544    2560619    3280549
1717846016       3658       4001     371568     675534
1717846027       3323       3454     343182     424297
1717846037       4429       3491    1385471     320032
1717846047       5708       4666    1931341     735691
1717846058       3085       5505     313684    2832478
1717846068       3007       2990     315830     247552
1717846078       3001       3085     313124     352202
1717846088       2886       2630     585331     265179
1717846099       5975       6731    2192604    2926183
1717846109       3073       3069     322047     269691
1717846119       3036       3078     317175     312378
1717846130       3043       3025     317367     252412
1717846140       3647       5568     678594    2659770
1717846150       5770       6577    1763828    2539044
1717846161       7889       6653    1909653     485365
1717846171       4133       4088     415417     305122
1717846181       9947      11310    3318383    4608914
1717846192       2188       2140     239892     157050
1717846202       6296       6251     611866     463078
1717846212       6420       5378    1872017     668422
1717846223       5710       5944    2439010    2590877
1717846233       1959       3322     211460    1625656
1717846243       3578       2452    1685880     440448
1717846254       1053       1007     139063      72393
1717846264       3104       1876    1483542     134497
1717846274       1779       1733     205136     126120
1717846285       1797       1751     205848     126870
1717846295       2427       1850     786181     135524
1717846305       3757       2207    1985650     288101
1717846316       1070       1022     140864      73819
1717846326       2003       1957     223790     140952
1717846336       2661       4199     276626    1867838
1717846347       1779       1731     205978     125110
1717846357       1456       1049     528537      73017
1717846367       2176       1732     628243     124122
1717846378       1431       1549     278185     377817
1717846388       1052       1007     139875      71631
1717846398       1120        983     233097      70443
1717846408       1776       1729     203530     124458
1717846419       1143        995     246160      70748
1717846429       1357       1608     161702     402695
1717846439       1118        974     241898      69845
1717846450       3362       1873    1754896     133085
1717846460       1045       1009     135521      87427
1717846470       1047       1013     135286      87424
1717846481       2651       2278     674219     197841
1717846491       3280       2965    1769026    1398623
1717846501       1278       1236     156866      88686
1717846511       2443       2401     261306     182463
1717846522       3717       3671     374817     268654
1717846532       1377       1062     429345      72391
1717846542       1952       3518     602945    2234950
1717846553       1156       1018     237052      72350
1717846563       1056       1010     138002      71666
1717846573       1055       1006     145684      72147
1717846584       1386       1346     167269     102789
1717846594       2090       6527     212108    4875068
1717846604       1019        973     134966      69663
1717846614       1070       1021     145519      72566
1717846625       1041        993     139952      70553
1717846635       2001       3192     215123    1447407
1717846645       1031        987     134350      70074
1717846656       1021        973     137632      69580
1717846666       1048       1000     139384      70744
1717846676       1005        958     133323      68903
1717846687       1021        973     137011      69554
1717846697       1026        981     133079      69856
1717846707        999        954     131493      68506
1717846718       1031        981     134192      70009
1717846728       1044        996     136826      69374
1717846739       1950       1908     214775     143141
1717846749       5601       5553     545942     405286
1717846760       1961       1913     222749     140597
1717846770       1624       1476     291909     106141
1717846780       2532       2378     374709     172590
1717846791       2573       2525     276594     184029
1717846801       1355       1306     167268      93692
1717846812       2405       2568     272903     399086
1717846822       1907       2055     217509     336372
1717846833       2010       2231     218658     416517
1717846843       1848       1805     341254     262944
1717846853       2188       2304     373515     457626
1717846864       2122       2032     359338     221996
1717846874       2152       1886     470702     155412
1717846885       2431       2301     478404     294165
1717846895       2252       2048     520021     262206
1717846905       2942       5255     375681    2777540
1717846916       2186       2199     289288     261615
1717846926       3015       2167    1167254     229387
1717846936       2004       2132     217384     314553
1717846947       1963       2000     220884     225382
1717846957       2078       1962     299567     142911
1717846967       6409       5491    1470430     398824
1717846978       3272       3233     332574     239770
1717846988       7481       4684    3399639     333239
1717846998       1052       1009     134326      71588
1717847009       1685       1922     192245     414014
1717847019       1656       1613     191168     116052
1717847030       3710       1176    2799069      76436
1717847040       2230       4118     233884    2199438
1717847050       2625       2579     278682     187939
1717847061       2595       2545     261497     189676
1717847071       2437       2374     274218     172100
1717847081      16517       3011   15214085     775023
1717847092       2066       2017     231725     145572
1717847102       1109       1062     147279      76384
1717847112       1113       1064     146444      76025
1717847122       1570       1789     190649     396021
1717847133       3442       4595     346896    1509236
1717847143       1074       1028     139263      72831
1717847153       1069       1018     145129      72548
1717847164       2602       1712    1102289     119883
1717847174       2592       2815     274117     468649
1717847184       3331       2555    1054709     182860
1717847195       1095       1050     141312      75587
1717847205       1378       1622     164499     398106
1717847215       2599       5837     265036    3657683
1717847226       2140       1827     494995     129650
1717847236       1198       1047     252119      72571
1717847246       1205       1162     149191      83203
1717847257       1100       1057     140063      75918
1717847267       1617       1571     191319     113354
1717847277       1301        993     415591      70654
1717847288       1070       1027     138094      73971
1717847298       1041        997     134987      70894
1717847308       1039        994     139336      71102
1717847318       1281        980     407786      69584
1717847329       1057       1020     135023      79538
1717847339       1048       1004     136523      69547
1717847349       4258       3253    2440840    1327075
1717847360       3736       9404     350989    6312447
1717847370       1781       1748     191119     144830
1717847380       2144       2079     240795     150863
1717847390       2129       2421     228594     470214
1717847401      16241       8504   13589737    5270772
1717847411       1111       1060     148132      76809
1717847421       1196       1149     151909      82346
1717847432       1394       1605     171281     371509
1717847442       2801       3954     290215    1466802
1717847452       1055       1009     139156      72484
1717847463       1150       1103     149068      78929
1717847473       2040       1963     254794     142530
1717847483       2500       2715     272102     454862
1717847493       2535       1448    1287299     101445
1717847504       1219       1175     149899      83809
1717847514       1070       1026     137942      74634
1717847524       2497       2448     270209     177543
1717847535       4832       1818    3363549     121348
1717847545       2901       7897     266442    5521739
1717847555       2888       4363     295414    1808212
1717847566       2707       2643     280698     194650
1717847576       2447       2136     515264     154323
1717847586      17734       6398   15981804    3834492
1717847597       1766       1716     204495     123761
1717847607       1117       1067     148884      76955
1717847617       1215       1165     157382      83514
1717847628       2744       3962     531708    1776977
1717847638       1709       1662     196092     118880
1717847648       1110       1060     146320      74583
1717847658       1225       1177     157330      85284
1717847669       1760       1929     233701     386513
1717847679       3062       3016     320885     219552
1717847689       2386       1205    1362709      83057
1717847700       1132       1085     144421      77601
1717847710       1424       1377     171074      99971
1717847721       2874       2823     305549     205148
1717847731       1641       1080     693402      75119
1717847741       1131       1086     143232      76381
1717847752       1245       1200     152879      85766
1717847762       1586       1542     185902     112421
1717847772       1361       1053     422145      73451
1717847783       1067       1022     138882      74032
1717847793       1036        991     136119      71035
1717847803       1038        993     136011      71092
1717847813       1331       1026     417059      72261
1717847824       1038        994     136119      71125
1717847834       1023        978     134957      70211
1717847844       1084       1039     138105      71772
1717847855       1053       1007     141587      71834
1717847865       1046       1000     136235      71289
1717847875       1032        987     135768      70819
1717847886       1050       1005     137741      71426
1717847896       1060       1013     141020      72147
1717847906       1028        983     135290      70477
1717847916       1046       1002     136407      71489
1717847927       1028        982     136486      70392
1717847937       1058       1011     141815      71990
1717847947       1080       1036     136163      71358
1717847958       1010        965     134625      69818
1717847968       1070       1024     138507      72303
1717847978       1038        993     139935      71476
1717847988       1030        985     137082      72024
1717847999       1056       1009     136267      70337
1717848009       1052       1007     140509      71581
1717848019       1046       1001     136408      71456
1717848030       1020        973     136515      69995
1717848040       1069       1026     136912      72013
1717848050       1085       1038     141053      72096
1717848061       1016        972     134977      70124
1717848071       1054       1008     138202      71575
1717848081       1028        983     135571      70637
1717848092       1058       1014     140088      72211
1717848102       1018        973     135129      70182
1717848112       1066       1020     138632      72121
1717848122       1014        970     134896      70059
1717848133       1053       1006     140432      71655
1717848143       1075       1033     136777      71831
1717848153       1031        986     136347      70204
1717848164       1046       1000     136408      71423
1717848174       1058       1012     141628      71929
1717848184       1014        969     135988      69948
1717848194       1045       1001     135419      71296
1717848205       1015        972     134417      69848
1717848215       1063       1018     139873      71814
1717848225       1013        968     134192      69639
1717848236       4248       2661    2735776    1004837
1717848246       3069       3026     316032     218382
1717848256       1888       1841     203204     135940
1717848267       2117       2060     235771     164442
1717848277       2283       2497     247802     444701
1717848287      16699       2435   15378235     135970
1717848297       1338       1362     161646     126894
1717848308       1115       1067     147992      76784
1717848318       1777       1988     206112     399751
1717848328       2533       3692     271797    1462015
1717848339       1092       1046     142937      74608
1717848349       1223       1173     153943      81364
1717848359       2504       2124     836797     399969
1717848370       2935       2889     309342     210793
1717848380       1717       1167     689046      82998
1717848391       1143       1095     145787      78202
1717848401       1803       1259     694750      88661
1717848411       2507       2459     268866     178642
1717848422       1634       1586     191675     115356
1717848432       1075       1023     145252      73282
1717848442       1464       1162     425116      81380
1717848452       1287       1240     154720      86603
1717848463       1623       1576     190135     114657
1717848473       1071       1021     143383      72843
1717848483       1410       1111     416116      78383
1717848494       1055       1008     137754      71959
1717848504       1019        972     136252      70481
1717848514       1059       1012     138700      72197
1717848525       1045        998     142053      72728
1717848535       1327       3929     150573    2901618
1717848545       1056       1009     137392      71609
1717848556       1096       1048     140187      72711
1717848566       1067       1019     144505      72916
1717848577       1035        988     136779      71075
1717848587       1039        992     137326      71479
1717848597       1061       1013     139580      72147
1717848607       1076       1026     144072      72892
1717848618       1045        999     137202      71537
1717848628       1052       1005     137797      71944
1717848638       1075       1027     145354      72285
1717848649       1070       1024     137991      72175
1717848659       1068       1021     137880      72847
1717848669       1053       1007     140522      72013
1717848680       1053       1007     137640      71901
1717848690       1058       1011     140612      72359
1717848700       1035        989     136707      71082
1717848710       1049       1001     140424      71765
1717848721       1055       1010     137697      72025
1717848731       1053       1005     140132      72111
1717848741       1058       1015     137877      72346
1717848752       1309       1380     151176     154681
1717848762       1057       1009     137371      71768
1717848772       1069       1024     141680      72938
1717848783       1049       1003     138348      71667
1717848793       1067       1019     140634      72692
1717848803       1035        990     136761      71115
1717848813       1190       1187     151784     127450
1717848824       1057       1009     139986      72125
1717848834       1025        980     136490      70820
1717848844       1076       1030     142215      73081
1717848855       1094       1046     138161      72341
1717848865       1063       1017     139485      72468
1717848875       1049       1004     139568      71860
1717848886       1069       1021     141284      72571
1717848896       1082       1032     145102      73221
1717848906       1027        984     136310      70817
1717848916       1045        999     137535      71697
1717848927       1061       1013     138980      72147
1717848937       1059       1013     143079      72510
1717848947       1061       1015     137813      72078
1717848958       1110       1063     139582      73663
1717848968       1470       1425     168405     101747
1717848978       1245       1197     155525      85197
1717848989       1032        985     136670      71045
1717848999       1035        989     137039      71268
1717849009       1187       1144     155007      88217
1717849019       1073       1024     143944      72944
1717849030       1075       1029     142054      73346
1717849040       1082       1038     142603      73654
1717849050       1060       1012     141519      71960
1717849061       1132       1083     143686      74544
1717849071       1059       1013     141149      72618
1717849081       1077       1029     142176      73211
1717849092       1061       1013     142137      72643
1717849102       1087       1038     143460      73525
1717849112       1062       1015     141197      72791
1717849122       1077       1030     142161      73352
1717849133       1061       1014     143545      72896
1717849143       1074       1026     141835      74184
1717849153       1247       1199     156873      85658
1717849164       1179       1131     151003      81117
1717849174       1085       1046     143663      89899
1717849184       1116       1075     145220      91914
1717849195       1081       1030     144317      73156
1717849205       1095       1046     143532      73945
1717849216       1027        981     139074      71270
1717849226       1066       1019     140068      72558
1717849236       1058       1014     140760      72375
1717849247       1069       1024     140103      72696
1717849257       1070       1024     139644      71841
1717849267       1069       1026     140964      72711
1717849277       1062       1016     141324      72435
1717849288       1080       1034     142407      73094
1717849298       1022        978     139412      70789
1717849308       1043       1000     139992      71698
1717849319       1320       1274     161593      91579
1717849329       3357       1120    2482053      73158
1717849339       1055       1012     140664      71975
1717849350       1062       1014     141182      71949
1717849360       1111       1067     141580      72818
1717849370       1032        987     139324      70420
1717849380       1051       1006     140341      71644
1717849391       1077       1029     141654      72490
1717849401       1009        965     138088      69770
1717849411       1036        993     134461      70549
1717849422       1007        962     133465      69410
1717849432       1045       1000     136626      70935
1717849442       1013        970     137294      69911
1717849452       1028        983     134081      70057
1717849463       1068       1024     134856      70783
1717849473       1028        985     135455      70133
1717849483       1061       1012     140480      71773
1717849494       1005        961     133032      69192
1717849504       1019        978     134005      70088
1717849514       1035        989     135819      70391
1717849524       1023        977     138457      70177
1717849535       1005        960     132064      68939
1717849545        997        952     131462      68463
1717849555       1038        992     134375      69800
1717849566       1062       1017     137403      70658
1717849576        979        934     130905      67804
1717849586       1047       1000     139204      70738
1717849597       1003        957     136137      69091
1717849607       1041        996     137656      70857
1717849617       1025        980     137778      70323
1717849627       1122       1076     145595      78279
1717849638       1137       1095     140952      78586
1717849648       3074       1076    2219960      70937
1717849658       1201       1232     140248     116915
1717849669      42379       2813   42335658     101255
1717849679     258419      17883  261812726    5058704
1717849689       1003        958     131704      68714
1717849699       7663       1249    6927588      72547
1717849710       1284       3857     145397    2860590
1717849720       1048        999     142217      71128
1717849730       1029        983     136987      69656
1717849741       1018        972     137214      69354
1717849751       1146       1141     142317     118280
1717849761        986        943     127541      66231
1717849771       2267       2004     464325     162805
1717849782        883        847     111483      60319
1717849792        818        782     107011      56198
1717849802        898        863     121193      67377
1717849813        825        790     106262      56282
1717849823        829        795     106704      56605
1717849833        829        796     107391      56534
1717849843       1053       1018     128200      74560
1717849854       3299        946    2584164      59562
1717849864        846        814     104767      55607
1717849874        837        804     105702      56573
1717849885        806        773     105243      55380
1717849895        856        823     110249      57615
1717849905        796        764     104400      54906
1717849916        796        762     103715      54624
1717849926        846        813     108044      57144
1717849936        840        807     109084      57435
1717849946     298625      13977  303947880     231392
1717849957       1368       2553     146656    1376009
1717849967        881        847     109032      57401
1717849977       7472       1106    6868413      60952
1717849987        818        785     106066      56508
1717849998        836        803     105747      56477
1717850008        808        774     105947      55356
1717850018        970        936     122006      66209
1717850029        784        751     102168      53939
1717850039       1587       1569     162061     126535
1717850049        670        644      84711      45239
1717850059        675        647      87337      45248
1717850069        992        741     335653      63871
1717850080        653        637      82348      60733
1717850090        682        655      84835      45592
1717850100        674        644      88502      45353
1717850110        674        646      83353      45273
1717850121        626        599      81226      43256
1717850131        662        633      83745      44642
1717850141     141296       6876  143567391     127684
1717850151     158492       9523  160494751    1517628
1717850162        684        656      84503      45626
1717850172        706        674      89026      45733
1717850182       7154        967    6661272      51472
1717850192        646        619      81844      44006
1717850203        630        603      82142      43494
1717850213        798        770      97327      54036
1717850223        633        607      80374      43332
1717850233       1357       1106     366962      87779
1717850244        888        874      94223      65824
1717850254        526        507      61641      34942
1717850264        513        494      59928      33102
1717850274        554        528      73589      35496
1717850284        510        490      61003      34185
1717850295        472        453      58842      32303
1717850305        534        513      66745      35528
1717850315        526        506      66525      35011
1717850325        478        459      64017      33128
1717850335        545        525      67401      35914
1717850346        505        484      66063      34113
1717850356        553        531      68336      35919
1717850366        556        535      67188      35207
1717850376        543        521      67444      35353
1717850387        512        492      65272      34586
1717850397        560        539      68218      36473
1717850407        483        463      63572      33119
1717850417        525        506      64801      34903
1717850427        525        505      65541      35030
1717850438        515        498      65508      34674
1717850448        535        515      66033      34941
1717850458        492        470      63786      33200
1717850468        556        539      65114      34777
1717850478        494        477      62024      33252
1717850489        765        745      83278      52578
1717850499       2845        598    2444619      35212
1717850509        483        467      61587      32509
1717850519        498        480      63099      33324
1717850529        482        465      62327      32361
1717850540        521        505      64782      34256
1717850550        490        473      61593      32725
1717850560        513        494      63903      33931
1717850570        508        492      57918      31777
1717850580        465        449      58722      31419
1717850591        659        715      68639      79269
1717850601        466        450      58987      31602
1717850611        502        486      60933      33080
1717850621        469        451      59923      31785
1717850632        482        463      60457      31855
1717850642        729        827      73888     114407
1717850652        472        454      59129      31649
1717850662        501        484      61268      33123
1717850672        550        537      61762      35524
1717850683        509        490      61595      33516
1717850693        453        437      58156      31307
1717850703        449        437      56562      30749
1717850713        489        473      58722      32277
1717850723        445        429      57200      30375
1717850734        490        476      59369      32185
1717850744        453        436      57412      30658
1717850754        493        476      59568      32344
1717850764        457        442      58235      30649
1717850774        507        488      58295      31315
1717850785        477        461      58326      31783
1717850795        459        443      57667      30830
1717850805        478        464      58280      31627
1717850815        458        441      58218      30562
1717850826        470        454      58144      30769
1717850836        442        428      55828      30011
1717850846        482        468      57957      31728
1717850856        431        418      53991      29204
1717850866     298342      14068  303899438     212872
1717850877       1195       5652      96587    4804876
1717850887        431        417      52397      29364
1717850897       7119        767    6822703      36116
1717850907        472        457      59077      31773
1717850917        477        462      59300      31483
1717850928        429        414      55690      29057
1717850938        607        627      73149      80898
1717850948        452        436      55459      29998
1717850958       1545       1311     371320     108273
1717850968        298        293      30968      18260
1717850979        307        309      30134      33853
1717850989        297        299      31119      34536
1717850999        236        229      28112      15738
1717851009        294        287      31155      18217
1717851019        271        266      30065      17736
1717851029        268        262      30654      17231
1717851040        260        258      29370      17211
1717851050        255        250      29111      16578
1717851060        270        267      29747      17633
1717851070        259        255      28794      16384
1717851080        301        297      31102      17982
1717851091        258        254      30081      16786
1717851101        236        230      29726      15905
1717851111        284        280      31458      18077
1717851121        252        248      30299      16482
1717851131        287        280      30908      17523
1717851141        288        285      33194      18972
1717851152        246        240      28961      15786
1717851162        244        237      27348      15744
1717851172        293        289      29313      17035
1717851182        256        252      28048      15855
1717851192        235        229      27356      15406
1717851202        266        262      26945      16481
1717851213        239        235      27089      15426
1717851223        244        238      26651      15285
1717851233        227        221      26495      14650
1717851243        239        235      27191      15054
1717851253        249        244      26788      15852
1717851264        230        224      25799      14751
1717851274        280        277      27841      15994
1717851284        270        263      27993      16008
1717851294        247        242      27267      15653
1717851304        223        219      24455      14650
1717851314        218        214      24831      14487
1717851325        261        255      26940      16097
1717851335        229        223      26142      14801
1717851345        254        249      26596      15881
1717851355        218        215      24599      14520
1717851365        230        225      25292      14789
1717851375        285        281      27488      16227
1717851386        232        226      25624      14420
1717851396        261        258      27526      16464
1717851406        243        240      26757      15485
1717851416        216        211      25020      14255
1717851426        271        267      27927      16618
1717851437        207        206      24666      14204
1717851447        250        247      25045      15676
1717851457        222        221      25043      14584
1717851467        199        197      23201      13142
1717851478        270        266      26207      15317
1717851488        229        228      23927      14195
1717851498        242        238      25709      15149
1717851508        207        203      24286      13409
1717851518        252        247      26510      15169
1717851528        210        205      23223      13246
1717851539        378        449      32513      60032
1717851549        202        201      21013      13286
1717851559        198        195      20833      12770
1717851569        231        227      23247      14408
1717851579        235        233      21229      13216
1717851590        198        195      21080      12655
1717851600        242        241      22931      14946
1717851610        190        188      20993      12599
1717851620        228        226      22174      14276
1717851630        184        183      20678      12467
1717851640        228        226      23100      14324
1717851651        193        190      21975      12741
1717851661        198        196      22371      12851
1717851671        221        219      23266      14079
1717851681        238        236      22781      13323
1717851691        225        224      24245      14195
1717851701        209        206      23523      13175
1717851712        229        225      25097      14104
1717851722        202        199      23015      12844
1717851732        199        194      23568      12754
1717851742        238        238      23854      14820
1717851752        194        191      22287      12688
1717851763        226        222      23099      14011
1717851773        189        187      21970      12515
1717851783        247        245      23234      13419
1717851793        243        237      25440      15473
1717851803        204        201      22774      13053
1717851813        218        216      23277      13921
1717851824        198        193      22665      12890
1717851834        232        231      23856      15355
1717851844        193        191      22211      12666
1717851854        224        220      23512      14608
1717851864        222        218      23559      14743
1717851874        197        196      22374      12644
1717851885        293        296      25787      31602
1717851895        227        232      23413      30082
1717851905        182        182      20363      12275
1717851915        228        225      22906      14183
1717851925        204        200      22452      13218
1717851935        233        232      22929      14381
1717851946        175        172      20790      11836
1717851956        227        223      22594      14095
1717851966        188        184      21350      12442
1717851976        203        199      22160      12851
1717851986        270        265      24537      14562
1717851997        200        195      22056      12821
1717852007        219        215      23568      13757
1717852017        198        193      22659      12596
1717852027        220        214      24402      13664
1717852037        206        203      22984      13157
1717852047        186        182      21881      12399
1717852058        226        223      23165      14200
1717852068        182        179      21647      12310
1717852078        232        227      23990      14125
1717852088        242        237      22567      13288
1717852098        204        199      22562      12917
1717852108        226        221      24383      14078
1717852119        223        217      24076      13497
1717852129        225        220      23160      13994
1717852139        204        200      21566      13058
1717852149        218        214      22809      13789
1717852159        184        178      21598      12160
1717852169        228        222      23680      13820
1717852180        231        226      23563      14157
1717852190        235        232      20688      13126
1717852200        217        214      22073      13855
1717852210        191        187      20730      12323
1717852220        204        200      22140      13110
1717852230        238        236      23051      14623
1717852241        170        167      20491      11704
1717852251        226        223      23437      14092
1717852261        216        213      23642      13689
1717852271        182        178      21067      12035
1717852281        228        224      22716      14050
1717852292        250        248      23531      14359
1717852302        217        213      23383      13740
1717852312        212        207      23094      13125
1717852322        214        212      22181      13691
1717852332        200        196      21608      12828
1717852342        180        181      20525      12482
1717852353        226        224      22831      14077
1717852363        187        183      21548      12349
1717852373        234        232      23147      14515
1717852383        201        199      21633      12566
1717852393        255        252      23937      14383
1717852404        202        199      23035      13052
1717852414        220        219      22282      13945
1717852424        190        187      21605      12722
1717852434        194        193      21955      12762
1717852444        220        218      23772      13964
1717852454        371        441      31312      59720
1717852465        194        191      22367      12748
1717852475        199        197      22903      12888
1717852485        251        248      23708      14032
1717852495        210        205      22597      12794
1717852505        206        204      23093      12885
1717852515        212        209      22452      13567
1717852526        196        192      21836      12646
1717852536        212        211      23358      13633
1717852546        198        194      22615      12563
1717852556        210        206      23219      13491
1717852566        432        431      38523      29689
1717852577        510        507      45257      35772
1717852587        302        297      27331      17183
1717852597        437        555      33236      98995
1717852607        227        225      23486      13829
1717852617        163        159      20224      10903
1717852627        207        206      21670      12900
1717852638        194        195      20842      12701
1717852648        175        173      19037      11470
1717852658        205        204      21255      13043
1717852668        195        193      20784      12287
1717852679        220        215      22586      13365
1717852689        243        240      22704      13116
1717852699        211        208      21453      12641
1717852709        192        191      19569      12282
1717852719        199        198      20516      12696
1717852729        211        207      21166      12909
1717852740        163        159      19488      10851
1717852750        220        217      21541      13382
1717852760        175        171      20038      11445
1717852770        230        226      23004      13878
1717852780        180        176      20198      11686
1717852790        527        542      35981      60283
1717852801        464        461      34879      26124
1717852811        649        646      45535      35857
1717852821        289        287      26005      17560
1717852831        171        170      20024      11422
1717852841        715        714      48554      39450
1717852852        273        272      25739      16947
1717852862        215        214      22432      13568
1717852872        185        182      21353      11867
1717852882        189        187      20805      11988
1717852892        252        250      23324      13770
1717852902        203        200      20943      12343
1717852913        217        214      22571      13259
1717852923        198        195      21784      12213
1717852933        201        197      20771      12580
1717852943        384        384      30856      22184
1717852953        559        557      40068      31323
1717852963        217        212      21631      13185
1717852974        207        205      20924      12993
1717852984        180        179      18840      11681
1717852994        221        219      19177      12390
1717853004        233        233      21226      14065
1717853015        169        168      18963      11405
1717853025        209        208      20185      13151
1717853035        179        178      19418      11920
1717853045        204        204      20703      12809
1717853055        313        309      32307      23106
1717853065        322        317      30520      21071
1717853076        167        166      18514      11340
1717853086        186        184      19611      11973
1717853096        243        241      20608      13329
1717853106        195        196      19860      12402
1717853116        195        194      19816      12696
1717853127        195        193      19990      12503
1717853137        199        200      20864      12922
1717853147        163        161      19348      11025
1717853157        193        190      21027      12223
1717853167        193        194      20959      12671
1717853177        191        190      21036      12354
1717853188        196        194      21908      12622
1717853198        260        258      23235      13633
1717853208        159        158      19916      10950
1717853218        209        206      22489      12951
1717853228        182        182      20980      12042
1717853238        215        215      22639      13394
1717853249        195        190      22182      12240
1717853259        213        211      22303      13058
1717853269        176        174      21167      11487
1717853279        228        225      22021      13768
1717853289        181        178      20085      11555
1717853299        257        253      22965      14604
1717853311        205        204      21541      13167
1717853321        369        365      30395      21130
1717853331        609        606      43413      34141
1717853341        500        496      37357      27953
1717853351        199        196      19976      12656
1717853361        191        188      19756      12132
1717853372        472        469      35799      27074
1717853382        230        227      21555      13876
1717853392        176        173      19428      11461
1717853402        238        236      20410      12950
1717853412        181        179      19929      12004
1717853422        199        197      21034      12685
1717853433        185        185      20937      12166
1717853443        185        183      20033      11918
1717853453        208        206      21761      12977
1717853463        184        183      20837      11832
1717853473        200        198      21339      12687
1717853484        208        205      21706      12719
1717853494        203        201      20820      12451
1717853504        394        467      29643      59266
1717853514        203        200      22250      12804
1717853524       6582       9354     358351    5361045
