1717837437       3882       3881     378248     282933
1717837447      24540      25550    2097807    4034419
1717837457      33256      34495    2837807    3801024
1717837468      14731      14714    1434427    1246083
1717837478       4180      51859     218454   50798946
1717837488       3372      19255     279245   17093129
1717837498      23045     272494    1286300  266031573
1717837508      16426     213339     827361  209875500
1717837519       1544       1750     185593     382932
1717837529       1054        980     163626      69332
1717837539       1360       1322     154304      94857
1717837550       7218       4606    3594640     760021
1717837560       8018       6839    1895718     572164
1717837570       4162       1579    2882290     106200
1717837583       1680       1631     194347     118203
1717837593       1058       1010     136630      71718
1717837604       1535       1481     187868     105098
1717837614       1267       1220     155853      87382
1717837625       1074       1027     137630      72547
1717837635       1555       1513     177817     108597
1717837645       1834       1794     197200     127150
1717837656       2450       3344     247488    1160553
1717837666      26667      24201    4895947    2046422
1717837677       4157       2938    1554703     214962
1717837687       8007       1966    6566078     123743
1717837697       3747       1668    2338997     114126
1717837708       1083       1033     143819      75053
1717837718       1365       1311     169201      94135
1717837728       1182       1117     166095      79007
1717837739       1200       1139     164373      79295
1717837749       1396       1345     170496      94613
1717837759       1271       1215     167393      88700
1717837770      38994       3369   38181467     147828
1717837780       2126       2071     241917     150733
1717837791       2741       2341     625794     167540
1717837801       1094       1044     145382      75257
1717837811       1250       1173     184718      82747
1717837821       2336       1506    1007337     104597
1717837832       1138       1088     151772      78722
1717837842       1259       1207     156560      82471
1717837852       1452       1143     427755      80501
1717837863       1100       1052     146149      74578
1717837873      98280       7339   97379656     290745
1717837883      18730       2867   17114229     167450
1717837894       4487       4434     446183     330295
1717837904       4629       1342    3616152      82697
1717837914       2676       1315    1564658      90979
1717837924       1000        957     130413      68324
1717837935        990        947     130198      68003
1717837945       1091       1048     135261      70987
1717837955       1071       1026     140985      71491
1717837966       1031        988     131609      69417
1717837976        978        935     129604      67457
1717837986       1694       1651     190615     120551
1717837997       2733       1582    1367679     114696
1717838007       2886       1590    1514424     109275
1717838017       1085       1045     133939      76776
1717838027        943        903     121842      64181
1717838038       1138        956     276193      66316
1717838048       1045        997     136351      66976
1717838058       1001        961     124623      66650
1717838069        919        879     120934      63249
1717838079        951        911     123178      64493
1717838089       1553       1522     179158     117723
1717838099      12187      10611    2655087     871730
1717838110       7495       3522    4544699     251744
1717838120       1017        979     125990      68990
1717838130        953        914     119979      63860
1717838141       1273        990     384584      70736
1717838151       1284        988     404167      65780
1717838161        963        924     119657      64577
1717838171       1403       1363     154537      98071
1717838182       1034        995     123754      68506
1717838192        916        872     123915      61750
1717838202       1262       1229     144759      90707
1717838212      20453      19167    3177434    1627094
1717838223       5435       5388     544514     445217
1717838233        991        950     124761      66884
1717838243        938        899     122170      63926
1717838254       1804       1251     691189      81539
1717838264       1097       1058     131703      76814
1717838274        879        840     115470      60465
1717838284       8508       8458     846792     707559
1717838295        905        866     117331      61924
1717838305        947        908     118240      63146
1717838315       1014        889     212653      63741
1717838325       1668       1623     185219     117427
1717838336      15152      15114    1468724    1288086
1717838346       1239       1200     142837      82447
1717838356        944        886     140056      62308
1717838367       1179       1050     226762      70693
1717838377       1448        914     645801      63418
1717838387        927        888     118727      63314
1717838397       9674       8819    1739053     734197
1717838408        945        906     121445      63334
1717838418        897        859     117005      61343
1717838428        962        850     193281      60662
1717838444       1089        963     221468      66193
1717838454        963        925     118978      63401
1717838465       1084       1045     134769      74962
1717838475        905        866     122030      61720
1717838485       1355        891     569951      62249
1717838495        903        865     118338      61546
1717838506        869        832     117133      60270
1717838516        933        892     123849      62898
1717838526        883        846     115680      60739
1717838537        901        866     118014      61707
1717838547        933        892     119190      61953
1717838557        951        912     123603      63024
1717838567        885        847     116709      60745
1717838578        915        875     118588      61940
1717838592        924        882     124854      62309
1717838603        912        874     118416      61831
1717838613        881        844     116427      60704
1717838623        887        848     116170      60751
1717838638        960        917     126466      63646
1717838652        948        910     119392      62441
1717838662        904        866     116753      61200
1717838672        902        863     120943      61567
1717838683        912        873     118651      61849
1717838693        887        848     117482      60859
1717838703        903        868     116390      61555
1717838714        909        868     121605      61900
1717838724        899        858     119138      61071
1717838734        887        848     117220      60967
1717838746        917        878     120987      62412
1717838756        947        907     119046      61946
1717838767        911        868     118684      61763
1717838777        891        852     116058      61011
1717838787        914        874     121766      62013
1717838798        891        850     118778      60923
1717838808        909        869     117723      61611
1717838818        893        853     117394      61043
1717838828        931        890     122653      62751
1717838839        896        857     119985      61308
1717838849        891        852     115681      60767
1717838859        933        894     117212      61530
1717838870        912        873     120844      62130
1717838880        909        868     120562      61798
1717838890        903        863     117227      61338
1717838900        886        846     120291      60909
1717838911        928        888     120786      62548
1717838921        881        842     115582      60582
1717838931        913        873     117988      61793
1717838942        910        868     122876      61775
1717838952        956        914     121958      62408
1717838962        896        857     116245      60908
1717838973        879        840     115483      60491
1717838983        947        904     125075      63175
1717838993        883        843     117851      60696
1717839003        905        866     117354      61570
1717839014        899        860     116890      61970
1717839024        947        905     126145      63967
1717839034        903        866     118051      61597
1717839045        900        860     117677      61809
1717839055        934        896     117424      61856
1717839065        953        912     125956      63354
1717839075        873        836     116110      60422
1717839086        907        867     116589      61598
1717839096        907        867     122225      61846
1717839106        915        877     117926      61950
1717839116        881        842     116250      60638
1717839127        909        872     116688      61762
1717839137        925        886     124934      62844
1717839147        881        841     116256      60337
1717839158        942        905     118436      62253
1717839168        908        870     117799      61378
1717839178        932        892     122456      63058
1717839189        883        845     117243      60542
1717839199        901        861     117664      61433
1717839209        926        886     120030      62940
1717839219        930        890     123814      63264
1717839230        907        868     119045      63121
1717839240        877        841     115834      60555
1717839250        913        874     118374      62046
1717839261        969        929     125433      64401
1717839271        913        877     117912      62473
1717839281        873        834     116740      60330
1717839292        883        844     115767      60569
1717839302        931        891     124313      64554
1717839312        908        867     120058      62365
1717839323        895        855     117211      61134
1717839333        887        847     117467      60714
1717839343        913        873     121194      62233
1717839353        908        866     120241      61387
1717839364        912        873     115476      60465
1717839374        909        870     118202      61856
1717839384        904        862     122027      61607
1717839395        911        871     118763      61784
1717839405        869        829     115910      59925
1717839415        887        848     116471      60799
1717839425        933        891     124692      62981
1717839436        885        845     116958      60575
1717839446        891        854     117102      61338
1717839456        946        905     122770      62673
1717839467        899        859     116386      60531
1717839477        903        864     117155      61553
1717839487        875        835     117419      60358
1717839497        923        883     121285      62602
1717839508        883        843     117443      60562
1717839518        894        855     117151      61182
1717839528        909        868     120182      61712
1717839539        891        850     120065      61057
1717839549        905        865     118247      61477
1717839559        920        878     119429      60875
1717839570        920        881     117930      61951
1717839580        895        854     119947      61217
1717839590        879        839     116867      60294
1717839600        909        867     120338      61839
1717839611        881        842     115686      60412
1717839621        906        867     120423      61901
1717839631        901        861     120391      61389
1717839642        869        831     115554      60125
1717839652        916        878     120262      62280
1717839662        928        889     120671      61502
1717839672       1045       1007     129073      72642
1717839683        867        829     115809      60082
1717839693        928        889     121380      62597
1717839703        905        863     121724      61605
1717839714        895        857     115995      61092
1717839724        877        841     116312      60603
1717839734        919        876     123611      61871
1717839744        911        874     118974      62186
1717839755        873        836     114980      60172
1717839765        943        904     117721      61767
1717839775        920        879     123211      62264
1717839786        881        843     117213      60667
1717839796        897        859     116094      61183
1717839806        881        842     118312      60642
1717839816        933        893     124678      62861
1717839827        871        833     115087      60160
1717839837        893        853     118230      60935
1717839847        917        878     121558      62396
1717839858        887        848     117141      60691
1717839868        931        893     116280      61306
1717839878        897        860     118392      61440
1717839888        912        872     120799      62041
1717839899        893        853     117194      60817
1717839909        867        832     116749      60237
1717839919        921        882     119746      62302
1717839929        893        853     119318      61249
1717839940        909        869     118036      61659
1717839950        879        838     118339      60377
1717839960        933        893     118785      61982
1717839971        925        885     119795      62012
1717839981        885        845     117394      60575
1717839991        899        859     118449      61428
1717840002        877        838     116112      60390
1717840012        919        877     121597      62112
1717840022        891        850     120125      61027
1717840032        901        862     117276      61436
1717840043        895        857     119696      61593
1717840053        895        855     118515      61086
1717840063        930        890     117814      61434
1717840074        894        854     116295      60571
1717840084        901        862     119972      61762
1717840094        905        865     120128      61645
1717840104        887        848     115879      60837
1717840115        893        853     117638      60987
1717840125        895        854     121657      61329
1717840135        913        873     119312      61897
1717840146        863        824     114691      59763
1717840156        909        869     119105      61771
1717840166        948        904     123729      62073
1717840176        900        859     117248      60885
1717840187        895        855     117534      61182
1717840197        889        850     116737      60946
1717840207        915        874     122050      62239
1717840218        891        852     117954      60881
1717840228        869        830     116293      60148
1717840239        911        876     120904      62311
1717840250        883        844     116816      60669
1717840260        911        872     118750      61683
1717840271        927        887     117869      61136
1717840281        919        881     121183      62263
1717840291        879        841     117142      60528
1717840301        885        846     116923      60600
1717840312        897        859     117663      61503
1717840322        905        866     121571      61682
1717840332        901        860     119133      61360
1717840343        885        850     115620      60915
1717840353        904        864     122860      61624
1717840363        927        884     121408      62301
1717840373        917        880     115589      60702
1717840384        901        863     118347      61473
1717840394        893        853     120577      61371
1717840404        897        859     118133      61235
1717840414        897        859     117567      61339
1717840425        893        854     117290      61184
1717840435        922        883     122209      62472
1717840445        879        841     116574      60312
1717840456        883        845     116346      60810
1717840466        935        893     120205      62037
1717840476        937        898     122020      62375
1717840486        889        850     117861      60790
1717840497        872        834     115677      60282
1717840507        915        880     119333      62373
1717840517        891        851     119288      61012
1717840528        905        864     118663      61344
1717840538        877        841     116263      60555
1717840548        910        869     123270      61704
1717840558        897        857     117775      61281
1717840569        918        881     116907      60893
1717840579        916        877     119743      61933
1717840589        898        857     119563      61306
1717840600        893        855     117673      60949
1717840610        881        844     117575      60864
1717840620        909        872     118441      61922
1717840630        899        856     119686      61367
1717840641        889        853     118284      61020
1717840651        903        864     118698      61527
1717840661        895        855     118434      61086
1717840671        926        889     118386      61693
1717840682        912        873     119537      61475
1717840692        879        839     116714      60454
1717840702        920        881     120053      62101
1717840713        893        856     119255      61500
1717840723        907        866     119678      61513
1717840733        880        841     116642      60380
1717840743        896        859     117317      61195
1717840754        935        890     125389      62689
1717840764        885        846     116129      60660
1717840774        958        913     125490      62600
1717840785        928        888     123789      63048
1717840795        875        836     115360      60357
1717840805        893        854     115897      60968
1717840815        883        845     116270      60810
1717840826        946        904     126080      63537
1717840836        873        837     115187      60299
1717840846        893        855     115897      61001
1717840857        903        863     124420      61894
1717840867        913        876     117995      61892
1717840877        916        878     115571      60644
1717840888        903        862     119150      61357
1717840898        919        879     122800      62346
1717840908        881        843     116937      60451
1717840918        889        850     116425      61050
1717840929        897        858     118759      61102
1717840939        951        911     130381      63897
1717840949        904        862     122044      61511
1717840959        920        880     126712      62679
1717840970        948        908     128617      63616
1717840980        920        883     115950      60958
1717840990        885        846     115501      60604
1717841001        881        842     116517      60604
1717841011        940        900     125868      63231
1717841021        867        828     114964      59993
1717841031        905        867     116491      61547
1717841042        885        847     118181      60683
1717841052        909        868     122617      61730
1717841062        885        847     115855      60845
1717841073        902        866     116912      60577
1717841083        930        890     119203      62258
1717841093        899        860     122048      61733
1717841103        871        836     114882      60147
1717841114        904        864     118581      61504
1717841124        893        854     117821      61020
1717841134        928        890     124033      62882
1717841145        877        837     116769      60211
1717841155        903        864     118374      61587
1717841165        907        867     123024      61688
1717841175        908        871     115770      60698
1717841186        922        883     118552      62098
1717841196        861        823     115471      59653
1717841206        947        907     123766      63508
1717841217        867        827     115834      59908
1717841227        909        871     119691      61837
1717841237        875        840     115331      60572
1717841247        917        875     122311      62117
1717841258        909        866     120121      61642
1717841268        889        850     116331      60776
1717841278        920        881     116364      61178
1717841289        926        883     122544      61940
1717841299        909        868     120443      61846
1717841309        875        836     115080      60197
1717841320        887        848     116289      61613
1717841330        950        905     128667      63236
1717841340        877        838     115630      60886
1717841350       1075       1032     150079      72731
1717841361        939        896     127566      63711
1717841371        965        923     130868      64645
1717841381        944        904     121512      62170
1717841392       9291       1345    8566965      75311
1717841402       1582       1312     698335     384439
1717841412        899        860     116386      61241
1717841422        879        841     115563      60572
1717841433        903        866     117097      61593
1717841443        923        884     124661      62879
1717841453        893        855     116036      61001
1717841464        861        824     114672      59786
1717841474        941        900     127252      63312
1717841484       5202       1210    4347620      73575
1717841494       5050       1397    4258353     334563
1717841505        893        855     116227      61219
1717841515        889        851     115708      60819
1717841525        937        896     126844      62950
1717841536        889        851     116852      60815
1717841546        891        854     116187      61234
1717841556        897        860     117121      61272
1717841566        930        886     128593      62812
1717841577        977        935     130188      64186
1717841587        957        915     126408      63512
1717841597        919        879     122330      62537
1717841608        899        860     116204      61267
1717841618        865        828     114801      59920
1717841628        935        894     127084      63021
1717841638       9238       1377    8484537      77764
1717841649        986       1218     122674     349708
1717841659        881        843     115595      60615
1717841669       9256       1409    8472602      79552
1717841680       1049       1271     129817     343638
1717841690        943        904     123781      63299
1717841700        907        870     124025      62165
1717841710        951        910     127827      63919
1717841721        925        885     123580      62829
1717841731        947        907     127541      63720
1717841741        895        855     123551      61464
1717841752        947        907     127701      63772
1717841762        896        859     116791      61940
1717841773       1492       1449     167329     102565
1717841783        992        955     127229      66584
1717841794        950        910     125109      63397
1717841805        935        896     123511      63369
1717841815        945        905     127064      63725
1717841825        914        875     123992      62379
1717841836        897        860     116110      61216
1717841846        887        850     115940      61052
1717841856        932        889     127925      62906
1717841866        951        912     128004      65154
1717841877        905        866     116506      61514
1717841887        968        927     125059      63712
1717841897        907        868     116605      61605
1717841908        924        882     126127      62809
1717841918        937        897     124880      63257
1717841928        922        882     125556      63466
1717841938        939        896     126837      63035
1717841949        947        903     126196      64063
1717841959        960        917     127387      64008
1717841969        909        868     122022      62060
1717841980        951        909     125069      63624
1717841990        975        933     124751      63400
1717842000        921        880     124332      62376
1717842011        923        880     124597      62613
1717842021        903        865     116407      61456
1717842031        916        876     124863      62395
1717842041        901        864     116382      61446
1717842052        905        865     122674      61863
1717842062        887        850     115615      60761
1717842072        930        888     124986      62746
1717842083        944        906     118187      62829
1717842093        954        912     125912      63346
1717842103        910        870     121220      62006
1717842113        905        865     120656      61873
1717842124        959        919     123778      64733
1717842134        929        889     122268      63069
1717842144        935        897     121704      63219
1717842155        887        850     118327      61313
1717842165        925        886     120172      62708
1717842175        919        879     120607      62588
1717842185        904        867     115601      60494
1717842196        922        884     119941      62329
1717842206        887        849     115895      60888
1717842216        927        889     121565      62832
1717842227        893        854     120612      61412
1717842237        925        886     121516      62756
1717842247        917        879     121628      62537
1717842258        922        883     121939      62476
1717842268        895        856     120421      61503
1717842278        907        870     120317      62063
1717842289        946        908     121752      62738
1717842299        918        879     121337      62140
1717842309        937        901     123188      63405
1717842320        897        856     121324      61286
1717842330        921        883     122446      62767
1717842340        921        882     122544      62526
1717842350        881        842     120209      60809
1717842361        929        890     122726      62782
1717842371        899        860     121117      61733
1717842381        942        902     123311      63427
1717842392        954        915     122793      63368
1717842402        937        895     123674      62879
1717842412        917        875     123390      62129
1717842422        928        890     121282      62782
1717842433        895        854     120339      61329
1717842443        911        875     120476      62301
1717842453        915        876     121281      62353
1717842464        921        881     120880      62541
1717842474        899        861     120447      61718
1717842484        910        872     121038      61976
1717842495        966        926     121997      63199
1717842505        911        872     120943      61963
1717842515        881        843     119394      60947
1717842525        921        881     121474      62493
1717842536        911        870     121629      62105
1717842546        943        904     122442      64434
1717842556        889        849     119580      61245
1717842567        913        874     119966      62270
1717842577        907        868     120401      62139
1717842587        929        889     120813      62132
1717842597        931        891     121420      62349
1717842608        903        864     120257      61815
1717842618        905        867     121158      62147
1717842628        901        862     121134      61772
1717842639        909        872     122112      62254
1717842649        905        867     121216      61987
1717842659        915        876     122369      62521
1717842669        903        867     121947      61914
1717842680        894        855     122047      61410
1717842690        964        924     124267      63055
1717842700        916        875     122194      61819
1717842711        926        885     123458      62481
1717842721        875        838     115301      60357
1717842731        904        862     122454      61550
1717842742        921        884     120779      62749
1717842752        898        860     120294      61634
1717842762        899        860     116283      61289
1717842772        917        876     122764      62196
1717842783        906        870     120733      64476
1717842793        920        881     116379      61178
1717842803        900        863     115780      61043
1717842814        887        850     116755      60977
1717842824        905        864     121072      61394
1717842834        930        890     123141      62799
1717842845        913        874     120686      62102
1717842855        883        843     119933      60864
1717842865        934        894     121573      62989
1717842876        905        867     120828      61883
1717842886        893        855     115986      61049
1717842896        915        876     115505      60545
1717842906        901        866     117076      61454
1717842917        899        860     119451      61677
1717842927        873        834     114848      59992
1717842937        883        844     115771      60721
1717842948        899        859     117875      61204
1717842958        899        860     119487      61785
1717842968        881        842     115392      60470
1717842979        893        854     116192      61128
1717842989        900        860     119155      62594
1717842999        951        910     120739      62171
1717843009        891        852     115813      60877
1717843020        869        830     115078      60084
1717843030        905        865     117854      61429
1717843040        900        861     120986      61659
1717843051        897        858     116110      61132
1717843061        863        824     114707      59763
1717843071        905        865     121176      61813
1717843081        893        853     116192      61103
1717843092        901        862     115453      60507
1717843102        919        879     117364      61401
1717843112        917        877     121798      63491
1717843123        869        830     115250      60546
1717843133        889        850     115714      60786
1717843143        885        845     117652      60727
1717843153        915        875     120935      62098
1717843164        867        828     114905      59945
1717843174        895        856     116085      61107
1717843184        887        847     117631      60818
1717843195        930        890     120410      61620
1717843205        896        857     115714      60841
1717843215        879        853     115293      60808
1717843225        897        860     117930      61306
1717843236        909        871     121350      61849
1717843246        859        821     114509      59614
1717843256        897        858     116110      61132
1717843267        904        865     122644      61790
1717843277        898        860     116464      61391
1717843287        881        842     115318      60422
1717843298        940        900     121041      61963
1717843308        904        867     115830      61111
1717843318        893        853     117520      61147
1717843328        875        843     115021      60380
1717843339        901       1003     120993      66280
1717843349       1179       1391     139642     347336
1717843359        873        836     115828      60396
1717843370       1010        902     197618      63414
1717843380       1359       1491     225010     341775
1717843390        873        834     114921      60058
1717843401       1051        944     199692      64184
1717843411        913        876     121291      62384
1717843421        920        879     124543      62679
1717843432        916        877     121082      62281
1717843442        917        879     122824      62477
1717843452        907        867     121572      61882
1717843462        895        856     121749      61525
1717843473        914        878     121902      62367
1717843483        889        850     115994      60946
1717843493        891        852     115813      60877
1717843504        931        891     117859      61236
1717843514       1754       1256     642012      89863
1717843524        899        860     116563      61449
1717843534        879        840     115219      60331
1717843545       1284       1011     381284      71829
1717843555        908        869     117098      62252
1717843565        883        844     115696      60673
1717843576       1022        982     128674      71885
1717843586        909        866     122372      61617
1717843596        902        863     115974      61130
1717843607        924        885     116406      61250
1717843617       1118       1078     137128      77790
1717843627       1029        894     221545      63674
1717843637       1269       1427     220123     364177
1717843648       1491       1283     338220      93964
1717843658        956        917     123255      65341
1717843668       1696       1712     390415     381061
1717843679       1093       1307     141330     348225
1717843689        892        853     119007      61269
1717843699        949        910     121378      62521
1717843710       2772       2902     414783     512370
1717843720       7032       4809    2798880     347809
1717843730       3496       1371    2381092      93035
1717843740       4147       2414    2581839     697211
1717843751        907        866     120327      62670
1717843761        935        894     121435      63784
1717843772       1106        916     282804      65303
1717843782        977        934     128482      65805
1717843792       3797       1675    2411745     116214
1717843803       2611       1391    1419316      95066
1717843813        950        909     121906      64269
1717843824        919        879     120645      63089
1717843834       1344       1059     403453      75313
1717843844       2613       1539    1284833     110600
1717843855        960        921     124114      65467
1717843865       3049       2087    1521390     460458
1717843878       2814       1746    1293813     125256
1717843888       5018       2874    2534144     210500
1717843899       2444       1197    1435196      80904
1717843909       1325       1192     246668      82538
1717843919       2895       1583    1575187     111439
1717843930       2744       1383    1600314      93125
1717843940       1601       1395     354244     101070
1717843950        964        922     127220      65093
1717843961        926        885     127241      63781
1717843971        936        898     124477      63891
1717843981        921        883     126340      63441
1717843991       1272       1136     249080      81135
1717844002       5801       5444     872495     404282
1717844012       6528       2060    4935339     137661
1717844022       4361       1922    2764628     132016
1717844033       1650       1423     376691     102461
1717844043        957       1396     123703      80957
1717844053        933        986     122797      67287
1717844064        943        901     124521      64421
1717844074        973        930     131984      65847
1717844084       2899       1683    1445496     124069
1717844094       9179       6457    3476085     477178
1717844105      11110       6110    5851697     435333
1717844115      10714       2223    9228045     136674
1717844125       7332       2463    5399544     169290
1717844136       5615       2643    3717328     505965
1717844146       4462       1922    2881955     136374
1717844156       4958       2140    3189279     149796
1717844166       1064       1020     137612      72314
1717844177       8068       2274    6369489     150378
1717844187       8986       3121    6512845     212757
1717844197       4454       1969    2822051     135728
1717844208       1185       1141     145559      80612
1717844218       1033        987     135226      70474
1717844228       1271       1225     158686      88893
1717844239       1948       1088    1013553      74733
1717844249       1028        982     135251      70444
1717844259       1154        989     263387      70719
1717844270       3062       1673    1627954     118285
1717844280       2773       1637    1358248     117568
1717844290       6996       3752    4463804     944568
1717844301       1363       1319     166003      96007
1717844311       3442       1953    1757228     137535
1717844321       4278       2021    2581230     142201
1717844331       7890       2985    5493702     208675
1717844342       1360       1318     164497      95502
1717844352       4166       1603    2874343     106403
1717844362       2788       1586    1423853     111511
1717844373       2564       1363    1399792      93834
1717844383       1003        958     131985      68848
1717844393        985        940     130814      67869
1717844404       1046        997     140586      70719
1717844414       1284       1237     156698      85521
1717844424       2646       1456    1400426     101875
1717844434       4997       1384    3971900      88571
1717844445       2609       1240    1570392      85233
1717844455       4053       1497    2852463      99859
1717844465       6080       2000    4524017     135550
1717844476       2861       1528    1558336     106878
1717844486       1005        960     133258      69271
1717844496       1011        968     133275      69450
1717844507       1320       1019     408941      70460
1717844517       1346       1290     171662      91039
1717844527       1860       1301     716322      93285
1717844537       1043       1002     134904      71103
1717844548       2430       1244    1373903      86289
1717844558       1011        968     133609      69610
1717844568       3261       3181    1607596    1471887
1717844579       4344       1700    2963969     115141
1717844589       5897       2309    4330009     461633
1717844599       6382       2002    4838244     135281
1717844610       2574       1285    1487608      86792
1717844620       7328       1993    5857757     128408
1717844630       3416       1908    1779526     136143
1717844641       4424       1426    3321820      94617
1717844651       6533       2068    4933589     137054
1717844661       1450       1405     175941     103724
1717844672       3102       1389    1942407      94732
1717844682       3091       1731    1605221     124015
1717844692       2511       1827     894776     131515
1717844702       1222       1180     153477      85660
1717844713       2758       1407    1562053      95489
1717844723       1030        985     135286      70508
1717844733       1022        979     134951      70270
1717844744       1198       1009     288459      71497
1717844754       1235       1048     292197      73435
1717844764       1055       1011     138622      72888
1717844775       2725       2880    1339156    1467921
1717844785       2452       1264    1377853      87978
1717844795       1214       1169     150917      83879
1717844806       2333       1129    1384036      77401
1717844816       1066       1019     135355      70582
1717844827       1026        982     135431      70579
1717844838       1044        999     137905      71340
1717844848       1081       1032     143713      73221
1717844858       1024        978     135052      70262
1717844869       1012        966     135630      69932
1717844879       1050       1004     137015      71501
1717844890       3205       2085    1380256     149754
1717844900       2649       1198    1649835      80696
1717844910       1902       1687     464735     203756
1717844921       4144       1577    2873370     105508
1717844931       1044        998     136227      71498
1717844941       3179       1713    1715190     121265
1717844952       1699       1392     451083      98902
1717844962       1211       1166     150713      83580
1717844972       1023        978     134643      70422
1717844983       3492       1877    1888869     132996
1717844993       1013        968     133713      69687
1717845003       1023        978     133978      69930
1717845013       6076       4570    3120878    1459791
1717845024       1319       2417     153703    1299147
1717845034       2334       1668     866171     118458
1717845044       5425       4782    2503925    1761673
1717845055       1151       1109     142440      79585
1717845065       1353       1311     162539      95027
1717845075        969        927     128957      66543
1717845085       1345       1037     418191      72086
1717845096        985        943     129724      67271
1717845106       2663       1473    1401886     103093
1717845116       3574       3918    1867613    2187193
1717845127       1014        973     128841      68158
1717845137       1933       3116     214291    1435364
1717845147       3404       3230    1631177    1412701
1717845158       2740       1541    1417225     108172
1717845168       3552       3781    1182364    1380896
1717845178       4233       6916     409743    3187241
1717845188       2903       1323    1882347     163430
1717845199       1546       1876     176933     496818
1717845209        973        931     127644      66777
1717845219       3233       4765    1698404    3277218
1717845230        951        909     126555      65776
1717845240       2702       1509    1412075     104410
1717845250        967        924     127402      66471
1717845261       1065       1023     135893      74509
1717845271        971        930     128142      66801
1717845281       1024        971     140356      68340
1717845292       3429       4580    1863516    3041681
1717845302       1046       1003     133256      71763
1717845312       1475       1432     173191     104206
1717845323       3609       1876    2011251     130911
1717845333        983        942     127551      67099
1717845343        959        917     126137      65814
1717845353       4425       2849    2069671     335616
1717845364       1269       1228     148403      87393
1717845374       1467       1425     167905     103938
1717845384       5719       4955    2685632    1809906
1717845395        941        902     122617      64449
1717845405       3010       3367    1643608    1981898
1717845415       2486       5066     262285    2961053
1717845425       2780       1311    1670497      85873
1717845436       1149       1110     142424      80654
1717845446       4938       3097    2244453     230293
1717845456       6438       4616    2363010     335481
1717845467        941        902     122941      64481
1717845477       3478       3441     351124     260432
1717845487      11397      11778    4459550    4684196
1717845497       2482       2439     263911     178470
1717845508       3879       5255     381966    1782262
1717845518       6578       5345    2023566     627597
1717845528       3191       3392     322470     482058
1717845539       4576      10470    1772460    7948856
1717845549       2056       2308     218488     445508
1717845559       1765       2051     195809     465893
1717845569       1863       1945     273792     322444
1717845580       1963       2094     313518     413486
1717845590       2092       2045     300995     212196
1717845600       2361       2138     496908     219255
1717845611       2442       2247     600960     344558
1717845621       2660       3585     442053    1377694
1717845631       2660       3797     314200    1461160
1717845641       2129       2054     361067     238167
1717845652       2393       3629     411742    1679487
1717845662       5153       3036    2681297     366414
1717845672       1887       1881     206831     162783
1717845683       7285       5767    2127952     420449
1717845693       6836       9712     650783    3583047
1717845703       6021       2531    4029545     287942
1717845713       1796       1763     198308     133887
1717845724       9831      10570    2125912    2761303
1717845734       1232       1193     147901      85760
1717845744       2132       2095     229540     152779
1717845755       2244       2200     246200     160808
1717845765       3078       1669    1654159     115685
1717845775       3603       3564     364929     262292
1717845785       6548       5622    1494943     410232
1717845796       3454       3413     350117     250795
1717845806       6849       5046    2516702     511546
1717845816       2337       2296     249347     168220
1717845827       3220       3178     326182     231551
1717845837       6715       5237    2040168     383791
1717845847       5282       5257     510298     399507
1717845858       2538       2496     266560     184666
1717845868       2563       2520     269150     186130
1717845878       3831       3394     769005     246057
1717845888       5088       6126    1683167    2720535
1717845899       2690       2898     279157     459407
1717845909       2711       2672     281255     197348
1717845919       3054       2826     561478     276742
1717845930       3404       2921     773989     214405
1717845940       3148       2767     658530     208360
1717845950       9910      10106    2920694    3000982
1717845961       4913       4876     478329     361119
1717845971       7050       5671    3107833    1537476
1717845981       1958       1918     212281     140738
1717845991       2538       2762     264684     459526
1717846002       2375       2295     292984     168104
1717846012       7335       5794    2173632     418931
1717846022       5054       5414     484602     776754
1717846033       4551       2631    2530594     430407
1717846043       1599       3656     170754    2326743
1717846053       2736       2952     282177     463366
1717846064        885        845     116946      60679
1717846074       1032        920     202928      63984
1717846084       1105        893     308320      63141
1717846094       1309       1276     152166      97548
1717846105       2157       3323     225061    1421196
1717846115       1634       1594     186527     115348
1717846125        924        884     121502      61231
1717846136       1017        879     224054      61310
1717846146        998        866     216967      61370
1717846156       1618       1577     185382     113921
1717846167        866        827     114961      59528
1717846177       1864       2093     202365     413967
1717846187        995        863     218161      61302
1717846197        904        865     119289      61321
1717846208       1095        853     333595      60545
1717846218        906        869     115798      61362
1717846228       1643       1603     182821     113689
1717846239        919        883     118691      61909
1717846249       1096       1318     134880     350502
1717846259        994        862     215573      60972
1717846270        902        865     118355      61236
1717846280        998        856     229636      60864
1717846290        888        852     114604      60520
1717846301        866        829     113794      59646
1717846311        914        876     117953      61697
1717846321        870        832     116905      59803
1717846331       1383       3577     147265    2446778
1717846342        900        865     117740      61450
1717846352        888        851     117245      60603
1717846362        905        864     120717      61340
1717846372       1252       1222     146976      93270
1717846383       1449       3729     157389    2551204
1717846393       6164       7612     584468    2017664
1717846403       1363       1605     162790     390010
1717846414       2131       2093     227717     152110
1717846424       1698       3687     386811    2468874
1717846434       2324       2569     244570     458181
1717846444       1922       1883     212895     137261
1717846455       1772       2294     196179     720019
1717846465       2334       2289     259183     171380
1717846475       2268       4540     232153    2635719
1717846485       1707       1666     191938     122698
1717846496       1573       1654     186705     244900
1717846506       1780       1594     344173     115819
1717846516       2453       1768     923421     168246
1717846527       1968       1939     209251     148341
1717846537       2258       1841     640447     158717
1717846547       1874       1875     202642     171212
1717846558       1812       3023     193329    1454508
1717846568       3373       3988     954969    1558130
1717846578       1807       1812     196207     170653
1717846589       1677       1639     186797     121215
1717846599       2273       1884     594855     145631
1717846609       1803       1764     238075     166524
1717846620       4291       3272    1367088     232943
1717846630       3878       3842     381144     283265
1717846640       2320       2289     239531     168979
1717846650       8130       8018    3179611    2919825
1717846661        897        860     114022      61169
1717846671       1209       1172     143457      85190
1717846681       1994       2100     349937     430556
1717846692       1216        887     428416      61339
1717846702        939        825     192487      58608
1717846712        946        823     202857      58733
1717846723        851        814     111146      58208
1717846734       1129       1086     135944      75050
1717846744       1377       1339     159088      97272
1717846754        845        808     110388      58039
1717846765       1012        869     227932      60865
1717846775        839        801     110091      57759
1717846785        878        841     112112      59660
1717846796       1557       1517     178072     110431
1717846806        889        850     115517      59935
1717846816        849        813     110587      58254
1717846827        976        832     227539      58922
1717846837        921        886     113551      59927
1717846847       1586       1548     180391     111849
1717846857        880        843     113185      59592
1717846868       1076       1340     129071     388714
1717846878        962        827     218012      58293
1717846888        871        835     114122      59276
1717846899       4178       2624    2606335     916899
1717846909       3004       5379     293425    2758615
1717846919       1755       1716     183945     128067
1717846930       1928       1876     208292     135407
1717846940       2190       3933     226581    2039426
1717846950      15103       2209   13904200     123007
1717846960       1005        962     128826      68206
1717846971        915        876     121893      63432
1717846981       1389       1600     162104     361128
1717846991       2583       3648     268385    1351754
1717847002        915        878     118174      62367
1717847012        917        880     157764      64628
1717847022       2306       1582     869943     111692
1717847032       3010       3225     299941     480977
1717847043       1515       3927     160660    2694680
1717847053       1880       1001    1022626      68589
1717847063       1062       1026     128821      73556
1717847073       2872       6117     281533    3679012
1717847084       2156       4653     220168    2837719
1717847094        949        905     127174      64773
1717847104        910        876     116115      61755
1717847115        972        933     126531      67287
1717847125       1682       1402     422762     100575
1717847135        994        958     124568      66235
1717847145        903        867     113786      61788
1717847156        886        847     114352      59979
1717847166        853        817     112217      58224
1717847177        873        838     115275      59715
1717847187       1103        824     367676      58314
1717847197        865        829     111376      59008
1717847208        903        869     114848      62481
1717847218       4322       4006    2659136    2277148
1717847228       2739       2834     277552     330753
1717847238       2168       2131     212916     155966
1717847249       1636       1582     185345     113655
1717847259       1956       2489     215655     744339
1717847269      16098       2301   14873892     125647
1717847280        955        912     126681      66091
1717847290        933        902     121742      72020
1717847300       4412       2327    2667707     404205
1717847310       3273       6226     319579    3403542
1717847321       2498       2588     260210     312276
1717847331       2431       2373     256547     177145
1717847341       2690       2862     303215     450441
1717847352      18819       6303   15729527    2305283
1717847362       1797       1754     201783     127092
1717847372       1072       1030     136678      73547
1717847382       1378       1336     162963      97024
1717847393       4104       3692    1007176     507795
1717847403       2603       3408     510037    1326019
1717847413        992        951     127080      68490
1717847424       1300       1223     191486      88112
1717847434       1906       2120     208707     402052
1717847444       4332       3364    1322440     239089
1717847454        928        890     122062      66162
1717847465       2219       1070    1312663      71694
1717847475       1164       1129     139414      83438
1717847485       2930       2890     299312     210306
1717847496        892        851     121194      61259
1717847506       1006        966     128735      68097
1717847516        982        943     124821      68372
1717847526       1440       1403     163179     101363
1717847537       1301       1018     393086      70098
1717847547        887        849     113902      59996
1717847557        943        906     119406      64964
1717847568        868        831     113599      59603
1717847578        910        871     120982      61922
1717847588       1138        858     373378      60500
1717847598        886        849     114716      60556
1717847609        870        832     113645      59661
1717847619        896        858     120221      61154
1717847629        898        861     115031      60942
1717847639        889        852     113694      59466
1717847650        913        877     116033      61356
1717847660        890        852     118684      60933
1717847670        866        831     113446      59552
1717847681        882        844     114518      60341
1717847691        888        850     116218      60402
1717847701        900        860     119933      61214
1717847711        876        838     113941      59908
1717847722        886        848     114716      60523
1717847732        872        835     115312      59707
1717847742        958        918     121487      62640
1717847752        875        838     113340      59538
1717847763        872        836     114024      59952
1717847773        890        852     116143      60493
1717847783        888        849     119105      60701
1717847793        898        862     115085      60975
1717847804        884        847     115218      60465
1717847814        898        857     121409      60770
1717847824        888        852     114870      60680
1717847835        878        841     114041      60032
1717847845        946        909     117866      61919
1717847855        879        842     116716      60392
1717847865        892        855     114734      60669
1717847876        870        833     113925      59828
1717847886        874        836     115941      59903
1717847896        904        866     118462      61458
1717847906        868        831     113600      59577
1717847917        886        849     114718      60582
1717847927        888        850     116882      60514
1717847937        904        866     119125      61458
1717847947        919        884     113608      60436
1717847958        841        805     111357      58222
1717847968        911        872     117342      61458
1717847978       4614       3035    2889699    1165726
1717847989       3100      11195     280156    8810461
1717847999       1736       1844     185059     276361
1717848009       3064       2155    1140049     153537
1717848019       1632       2224     178782     784798
1717848030      17266       5917   15437958    3287102
1717848040       1019        978     130857      69317
1717848050       1020        977     129774      67734
1717848061       1128       1086     146506      78888
1717848071       2439       2654     254851     444842
1717848081       1381       2669     155279    1494472
1717848091        925        885     121934      63444
1717848102       1024        981     136187      70353
1717848112       3696       3127    1129600     476323
1717848122       1785       1746     199309     126571
1717848132        977        937     123760      67013
1717848143       2140       1198    1107357      80907
1717848153       2607       2572     269302     186536
1717848163       1311       1266     156759      92158
1717848174       1007        966     128848      68284
1717848184        938        896     126850      63856
1717848194       1013        975     126827      69781
1717848204       1770       1469     451311     104895
1717848215        991        954     124578      67892
1717848225        938        900     119839      64803
1717848235       1221        922     400292      63938
1717848246        922        885     116406      61287
1717848256        927        886     121134      62198
1717848266        899        857     121002      61370
1717848276        935        895     121892      62940
1717848287        907        866     120383      61901
1717848297        933        892     121914      62898
1717848307        889        854     118682      61470
1717848317        923        885     117417      62392
1717848328        879        839     119007      60716
1717848338        899        862     119613      61885
1717848348        960        922     121595      63215
1717848358        918        878     120836      62159
1717848369        937        899     122257      63179
1717848379       1154       3774     134199    2891391
1717848389        944        903     123427      63359
1717848400        891        850     119609      61147
1717848410        909        868     120684      61806
1717848420        923        883     121255      62744
1717848430        895        856     119234      61451
1717848441        935        898     121950      63628
1717848451        951        911     120958      62274
1717848461        921        881     121124      62787
1717848472        901        862     120318      61724
1717848482        897        858     120922      61702
1717848492        931        891     122584      62948
1717848502        881        841     120912      60833
1717848513        935        896     122842      63271
1717848523        891        852     121463      61429
1717848533        911        871     122489      62038
1717848543        928        886     123764      62728
1717848554        976        935     123525      63175
1717848564        920        878     123180      62230
1717848574        932        890     122897      62642
1717848584        939        897     123985      63056
1717848595        881        842     115377      60474
1717848605        891        851     119923      61288
1717848615        915        877     117003      62002
1717848626        871        832     115105      60127
1717848636        913        876     118122      61892
1717848646        907        867     121183      61798
1717848656        967        926     122029      63105
1717848667        897        857     120766      61479
1717848677        913        874     121743      62054
1717848687        917        877     120944      62605
1717848697       1027        997     131385      78133
1717848708        925        885     121967      62753
1717848718        915        874     121652      62079
1717848728        909        872     120433      62362
1717848739        917        882     120985      62715
1717848749        924        884     121001      61866
1717848759        948        909     122464      63234
1717848769        904        876     119635      69761
1717848780       1019        978     131846      69703
1717848790        907        870     120780      62063
1717848800        919        881     121982      62676
1717848810        921        883     122193      62559
1717848821        875        836     119838      60701
1717848831        929        891     122646      63031
1717848841        918        879     122434      62372
1717848852        956        914     123236      62577
1717848862        927        887     122237      62365
1717848872        928        890     122156      62808
1717848882        946        909     124839      64180
1717848893        925        881     121724      62385
1717848903        895        858     120283      61595
1717848913        949        908     123167      63760
1717848923        881        842     120489      60866
1717848934        925        887     122895      62681
1717848944        917        877     122235      62471
1717848954        964        924     123397      63163
1717848965       1129       1092     137822      77439
1717848975       1289       1247     149615      88753
1717848985        951        910     123827      64190
1717848995        893        854     119821      61144
1717849006        903        864     120918      61625
1717849016        943        900     123027      63119
1717849026        918        876     121526      62248
1717849037        929        893     120647      63120
1717849047        881        841     118970      60833
1717849057        987        949     122726      64154
1717849068        915        878     121624      63646
1717849078        883        844     117993      60543
1717849088       2180       1140    1207247      79925
1717849099        878        840     113069      60712
1717849109       1957        908    1201302      61489
1717849119        873        835     117320      59784
1717849129        898        860     118218      61072
1717849140        889        851     117771      60321
1717849150        869        827     117185      59284
1717849160        965        924     120422      61963
1717849170        972        933     125537      68074
1717849181        895        858     116099      60878
1717849191        850        813     114529      58921
1717849201        909        871     117577      61374
1717849212        861        823     115124      59466
1717849222        879        843     116150      60183
1717849232        883        848     117166      60606
1717849242        883        845     117154      60217
1717849253        905        868     117286      60694
1717849263        901        866     117228      60506
1717849273        881        845     117829      60434
1717849283        875        838     117623      59860
1717849294        873        836     117985      59781
1717849304        897        860     118636      60909
1717849314        885        848     118841      60523
1717849325        875        839     117736      60101
1717849335        884        848     118183      60207
1717849345        891        855     118383      60846
1717849355        930        894     119381      61217
1717849366        864        827     117405      59162
1717849376        897        860     118802      60861
1717849386        880        845     117727      60326
1717849396        890        853     118255      60447
1717849407        875        837     118292      59927
1717849417        917        886     119273      68999
1717849427        865        825     117876      58866
1717849437        885        844     118391      59676
1717849448       3641       4095    2454550    2907420
1717849458        911        872     115287      59364
1717849468        889        851     115560      59399
1717849479        852        818     111850      58369
1717849489        860        825     113066      58908
1717849499        841        806     111245      57604
1717849509     298629      14020  303936393     232338
1717849520       1560       5890     153337    4716669
1717849530        837        800     110107      57701
1717849540       7431       1152    6770643      64394
1717849550        858        820     116069      59174
1717849561        897        859     115272      58842
1717849571        873        837     113701      59061
1717849581       1001       1011     127009     115523
1717849591        845        809     110517      57329
1717849602       1881       1647     412914     136011
1717849612        932        889     115667      65214
1717849622        682        653      89205      46386
1717849632        675        647      89517      46196
1717849643        700        673      89914      47112
1717849653        921        893     107867      64595
1717849663       3001        819    2389009      48670
1717849673        652        624      88053      44856
1717849684        738        708      92515      48695
1717849694        662        632      89371      45163
1717849704        708        679      90954      47237
1717849714        659        631      89160      45079
1717849724        718        688      92001      47360
1717849735        662        631      89883      44888
1717849745        676        645      89142      45659
1717849755        712        681      91106      47137
1717849765        696        668      87482      45274
1717849776        721        693      89683      47844
1717849786        664        635      86652      45395
1717849796        711        683      88944      47285
1717849806        658        629      87111      45040
1717849817        690        661      88361      46724
1717849827     297415      13910  302766209     224459
1717849837       1273       2393     132437    1293514
1717849847        665        638      85053      45516
1717849858       7403        974    6920449      50841
1717849868        731        706      90008      47712
1717849878        704        677      88840      47363
1717849889        685        658      88209      46455
1717849899        805        779      98700      55189
1717849910      54431       3015   54948070      76440
1717849920     245731      13790  249140648    1443893
1717849930        868        850      93565      63790
1717849940       7463        821    7130328      40384
1717849950        539        520      64264      36023
1717849961        577        554      69770      36757
1717849971        539        522      65525      35723
1717849981        611        595      73196      41953
1717849991        499        480      65680      34274
1717850001        579        562      69359      39039
1717850012       1473       1237     368119     100422
1717850022        362        350      43828      23929
1717850032        350        339      43965      23576
1717850042        387        377      45839      25111
1717850052        382        368      46155      24717
1717850063        389        378      43765      23964
1717850073        371        363      43352      24381
1717850083        354        342      43238      23699
1717850093        382        371      45206      25032
1717850103        352        339      43897      23467
1717850113        341        329      43102      23172
1717850124        386        374      45462      25021
1717850134        345        333      44058      23220
1717850144        370        356      45707      24305
1717850154        360        349      43641      23979
1717850164        372        359      43636      23349
1717850175        397        385      45680      25164
1717850185        347        333      44233      23163
1717850195        382        367      46094      24550
1717850205        359        346      44709      23716
1717850215        343        329      42918      22489
1717850225        385        373      44695      24630
1717850236        343        331      41981      22637
1717850246        437        428      48535      29611
1717850256        491        482      48629      34445
1717850266       2862        477    2575865      24367
1717850276        351        341      40559      22498
1717850287        316        306      40116      21423
1717850297        357        348      41391      23174
1717850307        319        309      40038      21464
1717850317        356        344      42000      22935
1717850327        338        326      41741      22142
1717850337        334        322      40639      21800
1717850348        354        343      40728      23145
1717850358        338        328      40095      22264
1717850368        373        363      40271      22790
1717850378        352        342      39965      22448
1717850388        361        351      40882      23587
1717850399        319        310      38998      21493
1717850409        324        314      39804      21787
1717850419        366        356      42131      23702
1717850429        324        314      39742      21787
1717850439        352        344      41300      22993
1717850450        322        313      40601      21729
1717850460        336        325      41257      22032
1717850470        384        376      42938      23111
1717850480        332        323      41035      21964
1717850490        370        361      43351      23693
1717850501        347        337      43317      23320
1717850511        360        348      42516      23009
1717850521        308        300      39024      21125
1717850531        344        333      40984      22530
1717850541        334        328      40292      22639
1717850551        335        327      40278      22098
1717850562        340        328      41112      22393
1717850572        384        376      40849      22839
1717850582        335        326      40771      22251
1717850592     223725      10294  227902722     157691
1717850602      75568       8998   76042784    4963490
1717850613        333        324      37081      22131
1717850623       7024        628    6855212      26224
1717850633        365        356      41604      23704
1717850643        346        337      42053      23151
1717850653        344        331      40820      22248
1717850663        458        487      49282      71268
1717850674        388        378      41186      22687
1717850684        581        584      53803      50415
1717850694       1096        866     324045      66848
1717850704        136        139      13159       9112
1717850714        154        153      14220       9639
1717850724        166        166      15546      10378
1717850735        157        160      14288       9920
1717850745        122        122      13242       8376
1717850755        154        153      14126       9773
1717850765        148        150      14611       9733
1717850775        204        206      15723      10537
1717850786        144        142      14953       9203
1717850796        174        174      16662      10474
1717850806        168        169      16453      10772
1717850816        134        134      14118       9030
1717850826        162        163      15732      10203
1717850836        144        148      15408       9640
1717850846        161        161      15415      10060
1717850857        134        135      14840       9089
1717850867        140        141      15305       9202
1717850877        211        210      17549      10765
1717850887        161        161      16870       9839
1717850897        156        155      16399       9782
1717850907        176        174      17817      11373
1717850918        162        161      17652      10081
1717850928        158        158      15509       9663
1717850938        140        138      14389       9021
1717850948        170        168      16062      10274
1717850958        144        143      14595       9396
1717850968        183        181      16450      10735
1717850979        189        187      15946       9749
1717850989        142        141      14506       9093
1717850999        164        164      15509      10395
1717851009        136        136      14237       8961
1717851019        164        164      16273      10313
1717851029        151        149      15691       9448
1717851040        124        126      14095       8533
1717851050        172        171      16643      10484
1717851060        130        131      15292       8773
1717851070        170        169      17120      10149
1717851080        195        194      16521       9987
1717851090        140        139      15529       8786
1717851101        166        164      16748      10278
1717851111        148        147      14927       9258
1717851121        162        163      15532      10229
1717851131        134        134      13698       9056
1717851141        169        173      15643      10682
1717851151        143        145      14961       9410
1717851162        151        148      15357       9547
1717851172        194        195      16376      12260
1717851182        178        178      15643       9945
1717851192        164        162      16599      10161
1717851202        162        161      16516       9813
1717851212        166        166      16556      10270
1717851222        151        150      15001       9407
1717851233        162        161      16298      10055
1717851243        154        155      16014       9597
1717851253        138        135      15792       8789
1717851263        166        166      15624      10266
1717851273        163        166      14422       9576
1717851283        190        188      15691      10511
1717851294        147        146      15161       9411
1717851304        172        169      16523      10310
1717851314        131        130      13391       8839
1717851324        154        153      14712       9687
1717851334        158        157      15564       9981
1717851344        158        156      15582       9680
1717851355        162        161      16454      10055
1717851365        150        148      15158       9450
1717851375        307        308      26837      20729
1717851385        159        158      14970       9502
1717851395        166        166      16404      10270
1717851405        142        144      13644       9300
1717851416        130        130      13778       8848
1717851426        162        164      15586      10210
1717851436        138        139      14920       9137
1717851446        171        172      16752      10588
1717851456        140        139      14745       9080
1717851467        165        165      16322      10129
1717851477        191        188      16586       9862
1717851487        161        158      16278       9396
1717851497        178        176      16968      10482
1717851507        132        132      13721       8831
1717851517        156        158      14161       9937
1717851528        149        149      14408       9535
1717851538        144        142      14165       9069
1717851548        162        163      15040      10277
1717851558        142        143      13294       9315
1717851568        154        155      14564       9999
1717851578        175        176      14360       9408
1717851589        169        169      16916      10671
1717851599        166        166      14304      11370
1717851609        130        134      14130       8980
1717851619        164        165      16059      10316
1717851629        118        117      14358       8209
1717851639        170        173      16230      10655
1717851650        124        125      14611       8608
1717851660        137        137      15388       8959
1717851670        167        168      17299      10301
1717851680        183        181      16992       9531
1717851690        170        170      16769      10047
1717851700        146        146      14444       9308
1717851711        154        154      15642       9880
1717851721        150        150      15462       9430
1717851731        126        125      14060       8525
1717851741        171        174      16392      10580
1717851751        130        130      15078       8680
1717851761        164        162      15757       9887
1717851771        136        136      15249       8953
1717851782        187        188      16130      10188
1717851792        155        155      14513       9516
1717851802        160        161      15969      10254
1717851812        138        139      14974       9025
1717851822        134        132      15278       8748
1717851833        174        174      16648      10656
1717851843        126        128      14964       8646
1717851853        165        165      15885      10042
1717851863        148        146      15645       9325
1717851873        166        167      15812      10169
1717851883        171        169      15566       9205
1717851893        154        154      14668       9278
1717851904        171        172      16536      10384
1717851914        151        149      15737       9266
1717851924        138        138      14054       9152
1717851934        148        150      14719       9513
1717851944        152        151      15703       9756
1717851955        150        149      15566       9397
1717851965        131        130      14301       8657
1717851975        174        172      16612      10390
1717851985        173        171      15673       9076
1717851995        168        165      15880       9963
1717852005        141        138      15549       9003
1717852016        138        138      13932       9100
1717852026        154        154      15402       9988
1717852036        148        147      15551       9806
1717852046        182        181      17275      11036
1717852056        132        129      14907       8356
1717852066        146        143      15530       9335
1717852077        159        157      16033       9546
1717852087        203        202      15415      10397
1717852097        152        150      14847       9455
1717852107        152        151      14579       9708
1717852117        136        134      14083       8839
1717852128        136        134      14253       8679
1717852138        154        152      14980       9706
1717852148        144        142      13653       9177
1717852158        146        146      13684       9624
1717852168        142        141      13654       9275
1717852178        146        146      14508       9576
1717852189        200        199      15425      10148
1717852199        108        108      12503       7847
1717852209        160        160      15173       9969
1717852219        144        145      15187       9500
1717852229        148        147      15475       9414
1717852240        152        153      16177       9666
1717852251        146        146      15176       9308
1717852261        149        149      15946       9535
1717852271        135        134      15347       8619
1717852281        162        160      16398       9962
1717852291        196        196      15549       9939
1717852301        163        163      15446      10203
1717852312        135        135      14302       8817
1717852322        159        159      15991       9904
1717852332        156        153      15967       9496
1717852342        128        130      13612       8920
1717852352        160        161      15249       9978
1717852362        134        132      14690       8882
1717852373        158        159      15098       9935
1717852383        140        141      14695       9118
1717852393        194        195      15228      10159
1717852403        132        134      14623       9053
1717852413        162        163      16014      10095
1717852423        132        130      15145       8679
1717852434        140        140      14633       8927
1717852444        146        147      14786       9501
1717852454        141        140      14898       9120
1717852464        166        164      16002       9844
1717852474        136        137      14391       8872
1717852484        160        159      14150       9087
1717852495        180        180      15822      10304
1717852505        138        141      14834       9091
1717852515        154        154      16177       9881
1717852525        136        136      13665       8961
1717852535        146        149      14964       9723
1717852545        142        142      14938       9308
1717852556        128        127      14821       8664
1717852566        361        361      30477      23925
1717852576        498        499      41261      35322
1717852586        239        238      20382      13763
1717852596        142        144      14515       8775
1717852606        165        166      16464      10158
1717852617        140        138      15839       9021
1717852627        138        138      14962       8884
1717852637        164        166      16948      10376
1717852647        157        155      16710       9613
1717852657        145        144      16582       9052
1717852667        143        145      14129       9298
1717852678        155        154      15155       9683
1717852688        181        181      15520       9647
1717852698        143        141      14756       8659
1717852708        181        179      17356      10571
1717852718        134        133      14768       8673
1717852728        166        163      16650       9951
1717852738        512        510      35253      28413
1717852749        358        356      25836      19988
1717852759        140        139      14207       9262
1717852769        138        137      14166       8911
1717852779        154        154      14816       9940
1717852789        159        157      14214       8841
1717852800        183        182      16241      10649
1717852810        122        122      13558       8484
1717852820        156        156      15331       9811
1717852830        150        151      15764       9731
1717852840        135        134      14951       8645
1717852850        162        161      15990      10011
1717852861        144        144      14337       9157
1717852871        170        169      16374      10493
1717852881        141        139      14814       8745
1717852891        191        191      16064      10255
1717852901        610        610      38587      32879
1717852911        270        270      20830      16094
1717852922        172        174      15521      10631
1717852932        128        126      13809       8449
1717852942        178        180      16645      10901
1717852952        136        138      13399       9213
1717852962        142        142      13902       9256
1717852973        136        138      14297       9213
1717852983        156        157      15267       9770
1717852993        163        163      14340       9171
1717853003        152        154      14456       9284
1717853013        162        162      16036      10088
1717853024        146        143      15280       9019
1717853034        150        149      15394       9583
1717853044        142        143      14202       9133
1717853054        150        150      14566       9832
1717853064        142        143      14320       9315
1717853074        122        124      14298       8816
1717853085        250        250      22996      17528
1717853095        162        163      14584       9063
1717853105        164        167      15711      10012
1717853115        613        612      40556      33374
1717853125        196        194      18805      11907
1717853135        138        140      14998       9010
1717853146        160        160      16815      10105
1717853156        142        140      15960       8978
1717853166        124        123      14815       8374
1717853176        172        172      17377      10431
1717853186        127        127      14007       8616
1717853196        201        202      16613      10691
1717853207        150        150      15252       9205
1717853217        168        165      16570       9834
1717853227        587        587      39209      32242
1717853237        186        189      16005      11696
1717853247        150        149      14676       9599
1717853257        146        146      14550       9222
1717853268        156        156      15793       9863
1717853278        142        141      14326       9093
1717853288        150        152      14670       9898
1717853298        186        187      14914       9749
1717853308        475        474      32395      26147
1717853318        138        139      13950       9025
1717853329        136        135      14527       9006
1717853339        152        152      14579       9663
1717853349        134        133      14356       8915
1717853359        488        487      33455      26950
1717853369        126        126      13972       8688
1717853379        134        134      14556       8918
1717853390        152        152      16101       9849
1717853400        188        186      15973       9461
1717853410        193        190      18800      11590
1717853420        337        337      26242      19389
1717853430        153        155      15570       9727
1717853440        137        138      15302       8996
1717853451        456        454      32453      25077
1717853461        136        136      15083       8905
1717853471        140        139      15523       8942
1717853481        159        158      16231      10031
1717853491        150        149      15726       9263
1717853501        217        215      17940      10671
1717853512        151        150      15655       9325
1717853522        152        151      16431       9514
1717853532        144        143      14403       9184
1717853542        162        164      15917      10285
