1717837436       3909       3908     379627     283967
1717837446      38084      40071    3096272    5925742
1717837457      15185      15446    1384156    1516023
1717837467      16760      16775    1671772    1448048
1717837477       3232       3194     328059     249244
1717837487       5102      68650     235651   67690492
1717837497       5587       5567     584547     453867
1717837508      33071     470570    1504649  465779200
1717837518       2437       3406     270650    1263269
1717837528       1002        958     131538      69220
1717837538       1138       1078     157130      72647
1717837549       5461       2801    3477780     610678
1717837559       1637       1593     185563     115270
1717837569       1025        981     131629      69337
1717837582       1867       1821     208559     131258
1717837593       2185       1117    1215984      74555
1717837604       1416       1372     168956      99305
1717837614       1503       1459     172720     102878
1717837625        982        937     130795      67521
1717837635       1451       1404     175269     100469
1717837645       1846       1811     193071     127483
1717837655       1913       1877     195176     139164
1717837666      11441      12333    1082405    1911751
1717837676      28350      24834    6013560    2094906
1717837686       5327       2913    2825836     213158
1717837697      11352       1652   10379384      90445
1717837707       1161       1111     151239      80113
1717837717       1291       1236     162887      87052
1717837727       1150       1091     159665      78788
1717837738       1298       1223     184665      85359
1717837748       1237       1177     164119      81614
1717837759       1126       1074     150690      77778
1717837769       1240       1181     163847      82132
1717837779       1175       1113     165942      79595
1717837789       1205       1153     153982      80921
1717837800       1142       1090     151482      78506
1717837810       1156       1102     153037      78891
1717837820       1235       1181     160283      82392
1717837831       1130       1080     150609      77866
1717837841       1223       1172     154143      80844
1717837851       1184       1132     153570      79710
1717837862       1110       1063     147371      76165
1717837872      22395       2586   21292247     134079
1717837882      98849       7894   97423417     337371
1717837893      36211       4529   34077908     245333
1717837903       4424       4372     443780     327559
1717837913       6304       1514    5224433      88865
1717837923       2479       1194    1477008      83035
1717837934       1021        981     126587      67798
1717837944        957        919     122944      64363
1717837954       1007        965     133210      67259
1717837965       1009        967     126199      67306
1717837975        944        904     123040      64546
1717837985        982        942     125840      66104
1717837995        967        925     128692      65659
1717838006       1010        970     126280      67430
1717838016        935        896     122626      64182
1717838026       1022        981     127698      67891
1717838037        969        926     129553      65609
1717838047       1055       1016     126859      68009
1717838057        920        880     121756      63384
1717838068        949        908     125346      64887
1717838078       1041       1002     131048      69011
1717838088        923        883     122295      63737
1717838098       1995       1954     215036     146104
1717838109       6739       4022    3253710     302404
1717838119       4893       3605    1693761     265747
1717838129       1794        974     962896      66240
1717838139        909        870     116714      61696
1717838150        992        953     118926      63680
1717838160        934        895     119406      63605
1717838170       1463       1420     159931      99331
1717838181        963        924     121324      66432
1717838191        895        856     116322      61245
1717838201        951        910     120284      63319
1717838211       7786       7753     766376     654561
1717838222      11150       9967    2188114     829056
1717838232      14987      14092    2275291    1191125
1717838242       2839       2800     298215     222103
1717838253        965        924     122138      63958
1717838263       1418       1126     406949      80677
1717838273       1244       1111     234406      76282
1717838283        989        950     123682      68711
1717838294        962        922     121016      63765
1717838304        912        872     119508      62149
1717838314       1031        988     132026      67695
1717838324       8371       8333     822996     701972
1717838335        917        878     118191      63345
1717838345       6181       6140     620773     508996
1717838355      10674      10629    1043310     896213
1717838366       1071        947     210547      65319
1717838376       1188       1128     161623      79708
1717838386       9148       8482    1503682     709296
1717838396        919        880     117340      62177
1717838407       1704        990     848823      68226
1717838417       1515       1276     369759      90447
1717838427        907        867     117117      61758
1717838442       1315        977     452081      68227
1717838453       1090       1052     129360      72483
1717838463        885        848     115814      60830
1717838473       1078        872     297727      61768
1717838484        939        900     123025      63401
1717838494        873        836     115220      60284
1717838504        901        863     116326      61365
1717838514        903        864     120963      61755
1717838525        910        871     121699      61900
1717838535        885        848     115814      60830
1717838545        907        868     118239      61467
1717838555        959        920     120976      62664
1717838566        918        878     121833      62097
1717838576        873        835     115221      60251
1717838587        936        894     123946      62471
1717838599        916        874     122463      62074
1717838609        907        869     116624      61638
1717838620        889        852     117673      61180
1717838630        905        867     117215      61603
1717838644        937        897     123335      62897
1717838655        947        907     119626      62028
1717838665        903        864     117270      61371
1717838675        871        835     115996      60282
1717838685        927        887     122290      62714
1717838696        899        857     118608      61224
1717838706        903        868     116629      61555
1717838716        893        851     118023      61029
1717838727        911        872     121340      62235
1717838738        891        852     117134      61149
1717838748        899        858     117290      60984
1717838758        951        911     123307      62655
1717838768        899        860     117832      61353
1717838779        883        843     116706      60588
1717838789        901        861     117329      61247
1717838799        935        891     126097      62838
1717838810        907        868     118870      62723
1717838820        907        866     117755      62515
1717838830        891        851     117220      61142
1717838840        927        888     124110      62878
1717838851        899        859     115496      60305
1717838861        923        883     119183      61809
1717838871        893        853     117686      61099
1717838882        920        880     122671      62352
1717838892        879        840     115518      60491
1717838902        901        859     120218      61129
1717838912        898        859     117300      61316
1717838923        927        885     123768      62293
1717838933        939        894     127675      62801
1717838943        931        887     125529      62797
1717838954        931        889     122900      61850
1717838964        990        947     129843      65179
1717838974        942        899     128626      63538
1717838984        931        888     124904      62749
1717838995        960        917     128825      64491
1717839005        955        912     127506      64065
1717839015        931        888     123628      63069
1717839026        940        899     125149      64383
1717839036        938        901     123439      64713
1717839046        895        857     116030      61092
1717839056        985        944     127290      64564
1717839067        891        855     115492      60756
1717839077        906        869     117302      62393
1717839087        936        894     124813      63269
1717839098        931        887     128094      62926
1717839108        952        913     125365      64906
1717839118        901        862     122263      62108
1717839128        929        892     122499      63176
1717839139        935        898     127577      64450
1717839149        938        898     126836      63507
1717839159        970        931     126066      63464
1717839170        958        917     128028      64164
1717839180        929        887     126875      62855
1717839190        947        905     126258      63786
1717839200        891        852     122584      61437
1717839211        947        910     124119      64107
1717839221        921        882     125128      63043
1717839231        947        905     126704      63622
1717839241        935        895     127597      63492
1717839252        932        893     124773      65575
1717839262        950        912     123622      62814
1717839272        938        900     126184      63513
1717839283        891        853     117665      62021
1717839293        901        862     116419      61830
1717839303        893        852     118435      61006
1717839313        939        897     125764      63350
1717839324        875        836     115114      60197
1717839334        901        862     117663      61604
1717839344        941        897     126505      63645
1717839355        902        863     115937      60769
1717839365        928        889     116707      61793
1717839375        909        867     121401      61713
1717839385        915        872     122186      61715
1717839396        877        839     115419      60407
1717839406        948        906     126831      63616
1717839416        933        890     126988      63298
1717839427        929        885     127131      62685
1717839437        940        903     125122      64182
1717839447        908        867     123747      62083
1717839458        981        939     127251      64427
1717839468        957        916     126244      63968
1717839478        893        853     124607      61849
1717839488        925        885     123320      62835
1717839499        909        869     127371      62537
1717839509        946        906     127622      63945
1717839519        912        870     126544      62232
1717839530        950        907     128390      63734
1717839540        905        863     123189      61945
1717839550        923        881     125773      62694
1717839560        968        927     127601      63907
1717839571        928        887     123683      62415
1717839581        945        903     127425      63911
1717839591        905        863     125175      61819
1717839601        915        875     122803      62482
1717839612        929        890     125135      63438
1717839622        885        847     121935      61357
1717839632        927        890     126537      63309
1717839643        909        870     127018      62446
1717839653        962        922     132965      64580
1717839663        935        895     122202      61490
1717839674       1080       1035     141523      74419
1717839684        927        886     126533      62926
1717839694        921        879     126513      62313
1717839704        942        902     124839      63629
1717839715        933        892     126657      63238
1717839725        945        906     127930      63898
1717839735        928        886     127760      62667
1717839745        938        897     128301      63545
1717839756        938        898     126517      63339
1717839766        973        930     125889      63374
1717839776        950        907     126843      63627
1717839787        927        885     127879      63044
1717839797        926        886     124242      63055
1717839807        911        872     121322      62213
1717839817        913        874     123567      62606
1717839828        936        895     125136      63336
1717839838        929        890     124783      63498
1717839848        937        899     126199      63669
1717839859        914        874     125443      62548
1717839869        962        921     124028      63011
1717839879        932        891     127563      63275
1717839889        926        887     125630      63116
1717839900        922        883     125925      63043
1717839910        934        895     126389      63286
1717839920        921        880     126367      62862
1717839931        921        882     124995      63140
1717839941        911        872     126132      62797
1717839951        918        877     127153      62560
1717839961        958        915     129517      63235
1717839972        978        936     128827      64616
1717839982        921        878     125441      62646
1717839992        934        893     125964      63194
1717840003        926        885     125835      63103
1717840013        920        879     127839      62885
1717840023        916        875     124098      62551
1717840033        912        873     121918      62251
1717840044        929        891     128042      65156
1717840054        934        893     126180      63194
1717840064        957        915     127975      63189
1717840075        944        902     127178      63229
1717840085        917        877     126775      62921
1717840095        935        893     127294      63059
1717840106        924        880     128898      62645
1717840116        952        909     128259      63843
1717840126        949        903     128751      63483
1717840137        925        883     125325      62843
1717840147        912        870     122839      62044
1717840157        930        890     123501      63248
1717840167        953        913     124260      63147
1717840178        935        895     126225      63416
1717840188        908        868     124751      62350
1717840198        944        903     125052      63642
1717840209        936        894     128034      63416
1717840219        916        876     123239      62430
1717840229        942        900     126488      63625
1717840239        932        895     126095      63347
1717840250        940        901     125328      63925
1717840261        915        876     126045      62470
1717840272        973        935     126764      64066
1717840282        943        903     126486      63780
1717840292        925        886     125633      62986
1717840303        919        881     125335      62970
1717840313        916        876     127885      62680
1717840323        935        893     128002      62978
1717840334        919        878     124318      62547
1717840344        940        901     126925      63668
1717840354        928        888     125878      63063
1717840364        922        881     123779      61881
1717840375        970        930     128986      64331
1717840385        918        880     125622      62833
1717840395        918        878     128805      62947
1717840406        918        880     121528      62549
1717840416        914        876     124720      62595
1717840426        936        894     128955      63356
1717840436        925        882     125295      62560
1717840447        929        890     125677      63344
1717840457        933        894     126619      63444
1717840467        943        902     127445      62774
1717840478        975        933     129938      64343
1717840488        930        888     125210      62803
1717840498        961        918     129165      64240
1717840508        911        872     126564      62413
1717840519        963        920     129224      64323
1717840529        913        870     125653      62268
1717840539        920        882     123653      62526
1717840550        925        884     125621      63092
1717840560        933        893     125357      63351
1717840570        958        916     126674      63425
1717840580        951        910     126774      63571
1717840591        948        909     126695      64161
1717840601        907        866     122308      61833
1717840611        920        880     123544      62855
1717840622        943        906     124587      63968
1717840632        883        843     120170      61150
1717840642        959        920     126955      64538
1717840652        923        883     126124      63008
1717840663        951        911     126724      64364
1717840673        946        908     124644      62939
1717840683        934        896     125767      63414
1717840694        935        893     128652      63760
1717840704        935        896     123828      63359
1717840714        918        879     124976      62874
1717840724        935        893     126342      63250
1717840735        924        884     126857      62880
1717840745        928        888     124963      62782
1717840755        923        881     125392      62808
1717840766        932        891     126248      63216
1717840776        942        901     123770      62078
1717840786        934        893     124653      63139
1717840796        897        857     123216      61907
1717840807        930        890     125311      63192
1717840817        905        866     124115      62192
1717840827        923        883     126185      62986
1717840838        923        886     128467      63215
1717840848        943        903     126681      63676
1717840858        923        879     129277      62530
1717840868        920        880     124971      62041
1717840879        990        946     128473      64065
1717840889        905        863     123335      61765
1717840899        921        882     125655      63028
1717840909        925        887     126604      63341
1717840920        913        869     125500      61959
1717840930        946        905     127902      63740
1717840940        912        875     122042      62393
1717840951        925        886     125902      63106
1717840961        950        906     128033      63689
1717840971        937        897     123612      62310
1717840982        955        917     123502      63893
1717840992        925        885     124636      63159
1717841002        930        892     123724      63212
1717841012        923        886     125380      63349
1717841023        906        867     121589      61968
1717841033        901        862     124950      62178
1717841043        947        908     127075      63839
1717841053        913        870     126478      62268
1717841064        933        893     123924      63157
1717841074        977        938     128076      64324
1717841084        929        889     124446      62811
1717841095        926        887     124351      63052
1717841105        935        896     126569      63319
1717841115        937        899     124836      63837
1717841125        916        877     125656      62713
1717841136        925        888     125724      63216
1717841146        941        901     128130      63689
1717841156        911        870     128595      62515
1717841167        955        915     129985      64226
1717841177        955        916     124974      62974
1717841187        963        919     129323      63892
1717841197        933        892     126002      63188
1717841208        944        905     124720      63651
1717841218        926        885     124959      63102
1717841228        931        891     125707      63134
1717841239        945        906     126327      63819
1717841249        927        885     126777      62966
1717841259        928        887     126256      63081
1717841269        929        887     125664      62857
1717841280        996        953     131109      64403
1717841290        930        887     126062      62692
1717841300        942        898     128694      63429
1717841311        944        902     125681      63452
1717841321        912        871     123113      62098
1717841331        955        911     126744      64702
1717841341       1039        998     135305      69109
1717841352       1049       1008     141760      71696
1717841362       5154       1161    4347245      73273
1717841372       4888       1434    4060048     350036
1717841383        939        900     116899      61685
1717841393        887        848     115986      60903
1717841403        929        889     122743      62559
1717841413        910        868     123825      62126
1717841424       5161       1169    4347063      73124
1717841434       4927       1334    4172263     313726
1717841444        925        886     119492      63838
1717841455        889        851     116235      61027
1717841465        913        875     119337      61971
1717841475        931        892     123291      62924
1717841485        923        884     115963      60962
1717841496        889        852     116879      61068
1717841506        907        869     118072      61642
1717841516        909        866     123181      61740
1717841527        944        904     127383      63774
1717841537        924        887     126507      63224
1717841547        925        884     123695      62694
1717841557        932        893     127843      63431
1717841568        936        898     124721      63370
1717841578        984        941     129620      64360
1717841588       3950       1151    3082153      74692
1717841599      14466       2004   13721823     398966
1717841609        986       1220     122605     352236
1717841619        891        854     116096      61103
1717841630        948        907     126467      64306
1717841640        930        892     125327      63149
1717841650        935        891     126279      62980
1717841661        919        878     124981      62727
1717841671        954        916     129279      64173
1717841682        948        908     123347      63133
1717841692        979        938     129623      65349
1717841702        957        915     130816      64025
1717841712        905        864     121689      61792
1717841723        951        912     126039      64365
1717841733        922        883     123442      62649
1717841743        941        899     127435      63621
1717841754        937        899     124817      63843
1717841764        966        929     126643      66324
1717841775       1464       1425     164801     101658
1717841785        995        956     130144      65498
1717841795        952        913     126698      63957
1717841806        925        884     127693      62926
1717841816        931        889     124262      62968
1717841826        963        921     130686      65059
1717841836        951        913     124753      63951
1717841847        953        913     125320      65496
1717841857        921        880     124490      62622
1717841867        929        890     123198      63326
1717841878        924        883     124059      62941
1717841888        987        947     125829      64863
1717841898        937        898     125901      63698
1717841908        889        849     122099      61309
1717841919        949        909     126759      63991
1717841929        925        883     126411      62777
1717841939        931        889     125272      62587
1717841949        938        895     126482      63266
1717841960        937        896     124119      63192
1717841970        934        891     124762      63084
1717841980        933        890     124699      62162
1717841991        971        931     123597      63943
1717842001        918        877     123509      62561
1717842011        935        894     125022      63213
1717842021        925        884     124498      62698
1717842032        928        888     125199      63235
1717842042        957        917     126746      64866
1717842052        935        895     124300      63134
1717842063        901        863     121151      61809
1717842073        918        878     121908      62153
1717842083        956        915     122488      62946
1717842093        933        894     120852      62469
1717842104        899        859     119645      61544
1717842114        939        898     121648      63063
1717842124        907        866     120800      61793
1717842135        935        895     121486      63022
1717842145        911        875     119337      62569
1717842155        925        888     120215      62882
1717842165        895        856     119274      61529
1717842176        927        889     120178      62914
1717842186        929        892     119880      62080
1717842196        945        906     121261      63312
1717842207        895        856     120050      61503
1717842217        911        872     121014      62097
1717842227        925        886     121500      62868
1717842237        905        866     120659      61798
1717842248        943        905     123354      63720
1717842258        905        865     120541      61791
1717842268        923        885     121334      62918
1717842279        905        867     120579      61965
1717842289        948        910     121925      62602
1717842299        926        885     122041      62497
1717842309        901        865     121794      61815
1717842320        947        907     123248      63702
1717842330        887        849     121114      61220
1717842340        925        887     122218      62849
1717842351        913        873     122413      62631
1717842361        923        886     122054      62839
1717842371        899        861     121385      61683
1717842382        914        874     122104      62019
1717842392        981        940     124129      63468
1717842402        909        867     122479      61531
1717842412        924        884     122195      62634
1717842423        915        875     121877      62052
1717842433        877        838     115405      60400
1717842443        903        868     116531      61734
1717842454        887        849     117140      60884
1717842464        919        879     121332      62562
1717842474        903        865     120714      61740
1717842484        927        889     121433      62875
1717842495        975        934     122792      64074
1717842505        901        862     120371      61902
1717842515        929        891     121875      62971
1717842526        893        852     120649      61286
1717842536        941        899     122177      63303
1717842546        909        868     121325      62014
1717842556        927        888     120646      62955
1717842567        879        840     118932      60883
1717842577        902        863     120136      61674
1717842587        945        905     122016      62704
1717842598        913        874     119908      61775
1717842608        907        868     121110      62157
1717842618        911        873     121484      62212
1717842629        881        841     120505      60767
1717842639        935        898     123428      63229
1717842649        887        849     120987      61328
1717842660        923        885     122944      62806
1717842670        892        855     121961      61445
1717842680        931        890     123794      62747
1717842691        939        898     122802      62153
1717842701        935        894     123196      62489
1717842711        926        886     123182      62725
1717842722        908        870     120495      61872
1717842732        933        892     123473      63302
1717842742        899        863     119253      62659
1717842752        892        854     120323      61304
1717842763        927        886     122264      62673
1717842773        903        863     121660      61666
1717842783        929        890     122177      62782
1717842793        939        898     122160      62801
1717842804        936        897     122983      62785
1717842814        905        865     121531      61757
1717842824        948        907     123651      63377
1717842835        899        860     120098      61511
1717842845        895        856     120224      61283
1717842855        931        892     121868      63189
1717842866        891        850     119836      60987
1717842876        907        871     119690      62304
1717842886        911        872     119912      62119
1717842896        961        921     121273      62889
1717842907        909        872     120497      61920
1717842917        895        856     119666      61503
1717842927        921        882     120329      62682
1717842938        889        850     119507      61386
1717842948        943        904     122420      63943
1717842958        883        843     119882      60950
1717842968        930        891     121368      62922
1717842979        889        848     119969      61104
1717842989        908        867     120967      61733
1717842999        986        944     123719      63772
1717843010        879        838     119740      60601
1717843020        913        874     119851      62270
1717843030        889        850     119399      61338
1717843040        921        884     121200      62813
1717843051        895        855     120452      61470
1717843061        897        858     119929      61590
1717843071        913        874     121455      62478
1717843082        908        868     121185      61922
1717843092        952        909     123188      63166
1717843102        920        879     121457      61465
1717843112        907        868     120854      62157
1717843123        916        877     121435      62359
1717843133        886        846     120534      61013
1717843143        933        891     122767      62757
1717843154        905        864     121245      61784
1717843164        937        897     122205      63269
1717843174        879        838     120070      60783
1717843184        926        886     122460      62673
1717843195        952        911     123235      62731
1717843205        907        867     119734      61416
1717843215        913        885     121447      62711
1717843226        905        868     121153      61798
1717843236        939        901     123566      63478
1717843246        895        855     121486      61202
1717843256       1269       1395     219081     331013
1717843267        905        868     120994      61864
1717843277        932        890     124510      62828
1717843287       1414       1534     232122     336046
1717843298       1310       1466     219516     361667
1717843308       1027        921     195948      63945
1717843318        895        855     120863      61582
1717843329       1447       1529     304007     357063
1717843339        959       1063     125750      70649
1717843349        917        878     120262      62452
1717843359        912        875     121515      62468
1717843370        887        850     119760      61201
1717843380        933        895     123373      63321
1717843390        899        860     120166      61633
1717843401        965        928     122391      63278
1717843411        919        882     122064      62609
1717843421       1744       1257     632901      90476
1717843431        929        889     123163      62749
1717843442        907        869     121939      62108
1717843452       1287       1020     377034      72396
1717843462       1815       1293     671981      92502
1717843473        920        882     122378      62310
1717843483        906        866     121873      61931
1717843493       1042       1001     133739      71777
1717843503       1522       1509     405566     371083
1717843514       1243       1131     221760      80608
1717843524       1030        903     214872      63275
1717843534       1474       1555     312017     368963
1717843544       1377       1339     160380      97216
1717843555       1129        931     295025      65788
1717843565       1163       1121     144450      79686
1717843575       1145       1013     231662      73300
1717843586        924        882     123238      62198
1717843596       1135       1094     140858      78404
1717843606       3540       3275     570974     243880
1717843616       8461       4157    4945264     294256
1717843627       3461       1358    2355458      92052
1717843637        960        921     126171      65465
1717843647        950        910     124679      64738
1717843658       1360       1296     189246      98962
1717843668       5565       5333     723386     393624
1717843678       6926       2170    5249569     144662
1717843688       6445       1888    5013987     123954
1717843699       1459       1062     511298      73738
1717843709       1407       1118     405375      78294
1717843719       1023        979     135912      69947
1717843730       1005        961     132104      68181
1717843740       1359       1533     240362     400382
1717843750       3838       1680    2445562     115524
1717843761       1812       1060     891293      73912
1717843771       1007        963     135763      68742
1717843781       1359       1222     256360      87767
1717843792       1579       1669     333922     401121
1717843802       2606       1571    1241981     111405
1717843812       3289       2223    1643346     468425
1717843823       1465       1402     197550     102829
1717843833        998        957     134337      67950
1717843843       2451       1373    1275904      96840
1717843854       2369       1293    1264893      89339
1717843864       1371       1309     189134     100636
1717843874       6579       5460    1681194     402907
1717843885       7355       3586    4614477     573518
1717843895       5688       2206    3851574     157276
1717843905       4662       1240    3747327      75389
1717843915       1135       1115     143033      79356
1717843927       3635       2014    1940050     140794
1717843937       3810       1613    2488586     109975
1717843947       1120       1077     141741      77710
1717843957       4328       1868    2791194     128019
1717843968       1886       1127     912269      78025
1717843978       2628       1566    1271093     111945
1717843988       1043       1001     134684      71526
1717843999       6438       3050    3883679     220160
1717844009       2724       1788    1471340     442260
1717844019       3489       2156    1617726     157870
1717844029       2313       1190    1301768      81212
1717844040       5484       2138    3756599     144892
1717844050       4236       2535    2593105     154804
1717844060       3993       1625    2665528     109465
1717844071       4409       1923    2823697     133096
1717844081       2652       1456    1405123     102652
1717844091       1252        974     382452      68825
1717844101       1144       1105     140481      77732
1717844112       1017        975     128772      68547
1717844122       2304       1175    1310032      80824
1717844132       4796       2121    3038386     152364
1717844143       9411       5559    4597061     398954
1717844153       6744       1959    5263349     128317
1717844163       5880       1962    4353322     133538
1717844174       3831       1461    2654709      98722
1717844184       3009       1518    1720528     106980
1717844194       1056       1012     136209      71618
1717844204       1322       2363     156569    1242440
1717844215       1058       1013     135520      71236
1717844225       1582       1533     194455     110623
1717844235       5454       1672    4162854     111253
1717844246       1026        982     134943      70544
1717844256       1004        960     133477      69252
1717844266       3786       2636    2471242    1209784
1717844277       2585       1414    1372377      97781
1717844287       2431       1130    1487241      76805
1717844297       5446       1710    4132276     113150
1717844307       2658       1280    1581456      86609
1717844318       4412       1758    2975449     120959
1717844328       3081       1532    1787084     107359
1717844338       2988       1854    1372597     132843
1717844349       4160       1704    2764902     118911
1717844359       3765       2418    1996963     526933
1717844369       4922       2368    2932780     169092
1717844380       2779       1277    1713133      87597
1717844390       1054       1007     137401      71946
1717844400       6980       2137    5337779     142302
1717844411       4765       2275    2848765     156817
1717844421       2851       1487    1585257     103818
1717844431       1052       1008     136719      71762
1717844442       1016        971     134711      69931
1717844452       1034        988     137094      70825
1717844462       1303       1256     165378      90466
1717844472       3289       1731    1812624     122233
1717844483       1208       1162     149066      82871
1717844493       1408       1364     170698      99308
1717844503       4141       1625    2820295     108481
1717844514       1048       1003     134213      69797
1717844524       1014        970     134026      69707
1717844534       1042        995     137054      71016
1717844545       1064       1019     142362      72700
1717844555       1024        980     134748      70322
1717844565       3138       3033    1616571    1465710
1717844576       1157       1113     146321      80655
1717844586       1456       1741     171233     444641
1717844597       1015        970     134774      69674
1717844607       1355       1066     403009      73176
1717844617       1034        990     133650      69808
1717844627       1032        987     136890      70275
1717844638       3142       3000    1616257    1429442
1717844648       1589       1546     183651     111386
1717844658       1353       1309     164083      95438
1717844669       4037       1457    2875858      96318
1717844679       4246       1512    3045796     101323
1717844689       1013        969     133068      69502
1717844699       5953       1747    4646035     113517
1717844710       2978       1544    1669967     106593
1717844720       4630       1547    3420322     101186
1717844730       1223       1179     153387      85853
1717844741       4857       1996    3221359     139218
1717844751       4049       2387    2216817     406366
1717844761       4559       2367    2549586     167275
1717844772       1409       1365     169033      98614
1717844782        995        951     131896      68523
1717844792       2229       1368    1037102      95564
1717844803        999        955     132113      68731
1717844813       2590       1466    1329193     101137
1717844823       1113       1070     139788      75365
1717844834        981        936     131540      68013
1717844844       1045       1001     135929      70877
1717844854       1048        998     143651      70990
1717844865       2885       1800    1320180     129986
1717844875       1033        988     134059      70379
1717844885        997        952     131997      68581
1717844896       2711       2549     411270     194501
1717844906       4391       1460    3234824      95688
1717844916       1307       1262     155849      88335
1717844926       3438       4239     919349    1723102
1717844937       2362       1056    1484834      71131
1717844947       2826       4382    1384030    2997072
1717844957       2749       4148    1360742    2808612
1717844968       3312       1821    1751888     129601
1717844978        981        937     128630      67267
1717844988        987        944     128647      67387
1717844998       2486       2441     278060     187510
1717845009       4607       2027    2920805     140427
1717845019       2056       1282     933109      87562
1717845029       2546       3959     260126    1720777
1717845040       4468       2837    2102699     327675
1717845050       1093       1053     135090      75437
1717845060       1006        966     130717      70003
1717845071       4376       3718    1029721     275856
1717845081       2395       2354     253759     171218
1717845091        948        908     124899      65392
1717845101       1061       1002     154026      69540
1717845112       1096        973     214840      67631
1717845122       2990       1641    1580962     116185
1717845132       1166       1124     142044      80380
1717845143        957        919     125452      66594
1717845153       6184       2677    3972994     189005
1717845163        948        906     124095      64988
1717845173       2716       2685    1510285    1438969
1717845184       6748       8531    2615590    4424543
1717845194       3198       1868    1577542     130897
1717845204       1628       3080     180159    1694250
1717845215       7518       4559    3555149     338632
1717845225       3579       3540     353551     256977
1717845235       1683       1869     189326     356572
1717845245        938        899     122096      64485
1717845256       1466       1048     535486      74194
1717845266        923        881     121383      62655
1717845276        910        873     118775      62453
1717845287        922        881     121609      62603
1717845297       1234       1200     149204      91415
1717845307       6185       6230     592976     539626
1717845317       2164       2122     231293     152634
1717845328       1959       1817     308689     130074
1717845338       1559       1410     290021     100717
1717845349       2798       2999     291076     456259
1717845359       2495       8277     239212    6323118
1717845369       2227       2364     231444     341568
1717845379       2675       2721     617672     616760
1717845390       1664       1815     184539     314401
1717845400       2322       2242     535147     404254
1717845410       3973       4047    1831586    1851710
1717845420       1994       2006     211580     186195
1717845431       2501       2226     635174     300438
1717845441       2066       2153     221390     268162
1717845451       3814       5248    1142101    2603761
1717845462       2044       2128     218983     267983
1717845472       4005       4226    1735350    1902932
1717845482       2007       3559     211383    1818619
1717845492       3693       2370    1681320     224584
1717845503       6868       5790    1676091     432000
1717845513       9345      10425     870498    1863212
1717845523       6366       4948    2777447    1181208
1717845534       2402       2362     253901     171738
1717845544       3183       3394     325660     495573
1717845554       2606       2564     273568     186856
1717845565       1485       1357     259083      96156
1717845575       2683       4994     354360    2755708
1717845585       1897       1852     212663     136343
1717845595       1992       1950     217824     142997
1717845606       2954       2232     966384     159288
1717845616       1806       1765     199263     128601
1717845626       1690       1648     187411     118544
1717845637       1962       1933     214237     149547
1717845647       2320       2090     429663     151084
1717845657       5183       3186    2414639     227917
1717845667       2370       4582     243528    2543413
1717845678       3549       2341    1492924     166416
1717845688       5373       3731    2164595     350516
1717845698       1829       1789     201434     130511
1717845709       5297       3523    2246171     290018
1717845719       5640       5937    2052521    2291446
1717845729       6480       5422    1614264     394138
1717845740       2938       2909     297177     217085
1717845750      10384       7748    4504197    1556375
1717845760        922        884     118439      63251
1717845770       1859       2085     201581     408433
1717845781       4843       3952    1306269     294929
1717845791       2599       2560     268186     186188
1717845801        866        830     114382      59845
1717845812       1080        898     273850      62841
1717845822       3174       1741    1682950     122038
1717845832       1654       1617     183371     116183
1717845842        878        843     114920      60424
1717845853       1989       3135     214791    1400147
1717845863       3379       2753    1934566    1249654
1717845873       1281       1245     151521      90601
1717845884       3441       6971     328438    4022583
1717845894       3666       5711     354349    2467813
1717845904       1244        963     387383      67124
1717845914       1295        918     482784      63761
1717845925       1553       1388     300854     101739
1717845935       2366       4659     315039    2713384
1717845945       1129       1360     140371     362862
1717845956        920        877     123118      61788
1717845966        975        845     214216      60372
1717845976       1033        890     231521      62254
1717845986        872        834     114038      59886
1717845997        876        840     113974      60000
1717846007        884        848     115244      60528
1717846017        910        869     120065      61424
1717846028        916        880     115148      60426
1717846038        876        842     114001      60171
1717846048        888        850     114830      60614
1717846058        906        868     119873      61449
1717846069        858        822     113345      59315
1717846079        890        852     114650      60545
1717846089        876        840     115145      60190
1717846099        890        853     117984      60914
1717846110        874        837     114250      60062
1717846120       1356       3487     147802    2379231
1717846130        921        881     116412      60467
1717846140        912        872     119836      61734
1717846151        879        838     119709      60157
1717846161       1314       1281     152705      98071
1717846171       6423       8729     606025    2943289
1717846182       1477       1789     170848     470276
1717846192       2138       2096     233563     152564
1717846202       2413       2488     369165     408757
1717846212       2855       2967     373543     443553
1717846223       2036       4474     213577    2765002
1717846233       1856       1924     202626     241955
1717846243       3790       3796     390263     335046
1717846253       5287       5311     515599     452443
1717846264       2844       2632     459672     191858
1717846274       2680       2409     541060     210803
1717846284       3673       3374     632284     257346
1717846295       2272       2086     483597     248630
1717846305       3986       3778     621698     332315
1717846315       3838       5911     428679    2556730
1717846326       2775       2694     356299     225560
1717846336       4039       3028    1430244     302758
1717846346       2626       2659     271910     263629
1717846356       2463       2438     257355     189256
1717846367       7962       6688    1957174     488230
1717846377       4751       5991     458489    1694745
1717846387       6574       5662    2498464    1428724
1717846398       2001       1963     215415     143860
1717846408       2870       3062     294050     449879
1717846418       3466       4962    1298056    2843764
1717846428       2181       2095     275841     149992
1717846439       2031       1708     493858     122512
1717846449       1869       1698     333021     123139
1717846459       2499       1856     848358     133502
1717846470       2302       2212     295977     161273
1717846480       1858       1707     313663     123799
1717846490       6773       5239    2103321     377826
1717846500       1936       1908     207173     142592
1717846511       7754       7400    2418579    1910346
1717846521       1665       1629     184090     117519
1717846531       1261       1226     145438      86370
1717846541       2056       2123     396431     433765
1717846552       1469        916     675179      62734
1717846562        964        853     194132      60189
1717846572       1187       1066     225159      76924
1717846583       1381       1343     160461      95930
1717846593       1238       1433     148183     332013
1717846603       1457       1420     166416     102803
1717846613        974        847     210564      60078
1717846624        972        836     219242      59402
1717846634       1080        939     229700      62691
1717846644        869        833     112795      59493
1717846655       1325       1288     155709      93902
1717846665       1123       1086     135370      77782
1717846675        884        843     118218      60038
1717846685        993        848     228719      59567
1717846696       3180        983    2425226      64822
1717846706       2027       2846     211261    1067284
1717846716       3401       3598     337762     499295
1717846727       2392       2349     235077     175525
1717846737       1759       1993     200775     430030
1717846747       2144       3802     319898    2053577
1717846758      15854       4799   14126179    2351712
1717846768        948        906     125322      65818
1717846779       1029        990     127577      70476
1717846789       1969       2175     221543     408287
1717846799       2913       6098     289372    3619457
1717846810        899        860     117680      61733
1717846820       1032        961     160239      69228
1717846830       2412       2621     255903     433210
1717846840       2251       2210     239108     159499
1717846851       2150       1054    1256302      72223
1717846861       1014        979     125992      70881
1717846871       2177       5419     217021    3627054
1717846881       2158       1870     471120     134781
1717846892       1584       3738     411792    2676509
1717846902       1127       1090     135608      76036
1717846913        920        884     117398      64075
1717846923       1754       1466     441099     104348
1717846933       1269       1246     145006     100033
1717846943       1549       4039     162250    2777625
1717846954        840        806     109255      57703
1717846964        898        859     121814      60453
1717846974       4243       2536    2821852     953618
1717846984       3087       6573     295742    3940488
1717846995       1519       1484     162160     111039
1717847005       2015       1961     215853     142731
1717847015       1535       1739     176868     368407
1717847026      16269       4141   14479047    1504821
1717847036       1016        973     128027      67391
1717847046       1017        979     129167      70532
1717847056       1171       1377     142397     341766
1717847067       2684       3803     275791    1417413
1717847077        915        878     118525      62527
1717847087        944        903     123923      65156
1717847098       2339       1575     950862     111335
1717847108       2720       2936     276813     460602
1717847118       1195       1157     143801      84215
1717847128       1921       1016    1048848      69091
1717847139       1027        993     123832      68487
1717847149       2582       2544     265442     184880
1717847159       1269       1230     150972      89192
1717847170        960        920     128099      65802
1717847180       1009        972     126449      69295
1717847190        996        961     122851      69724
1717847200       1629       1349     418002      96581
1717847211        883        845     117358      60027
1717847221        934        899     118982      64111
1717847231        873        836     112772      59432
1717847242        893        860     112474      59399
1717847252       1152        875     374436      61424
1717847262        865        827     113530      59010
1717847273        859        824     112321      59074
1717847283        863        828     112239      59096
1717847293        899        862     118517      61164
1717847304        855        819     113053      58699
1717847314        851        816     111871      58710
1717847324        903        866     118956      60995
1717847335        899        863     114146      59720
1717847345        889        854     112761      59784
1717847355        855        819     112069      58859
1717847365        879        837     118239      59523
1717847376        880        843     115143      59925
1717847386        867        829     112383      59231
1717847396        865        828     112565      59281
1717847406        903        862     119426      60622
1717847417        883        846     115334      60048
1717847427        857        820     111889      58757
1717847437        883        849     112360      59055
1717847448        918        881     117680      61225
1717847458        865        827     114339      59196
1717847468        869        835     112537      59402
1717847478        976        939     123415      69490
1717847489        909        870     117653      61177
1717847499        853        817     113687      58716
1717847509        895        859     113824      60545
1717847520        855        816     116002      58880
1717847530        883        846     113838      59914
1717847540        893        860     111382      59122
1717847550        868        834     110201      58817
1717847561       3789       2579    2416347    1089847
1717847571       2833       2798     289692     204185
1717847581       1771       1736     180198     128053
1717847592       1925       1870     210262     136954
1717847602       1680       1897     191174     390311
1717847612      15152       2563   13608617     149080
1717847622        959        916     127892      66439
1717847633       1040       1001     129844      71462
1717847643       1379       1594     159346     366097
1717847653       2521       3583     262090    1344169
1717847663        910        871     119356      62553
1717847674       1096       1058     135716      75955
1717847684       2542       2072     928229     396641
1717847694       2675       2636     275878     192270
1717847705       1623       1000     751193      69237
1717847715       1033        995     128027      71992
1717847725       1166       1127     140054      81540
1717847735       2713       2676     281043     194754
1717847746       1199        932     366929      63164
1717847756        971        931     122782      66651
1717847766       1000        964     125256      69048
1717847777       1427       1390     163792     101224
1717847787       1260        987     376437      69214
1717847797        941        904     118891      64705
1717847807        882        846     114689      60415
1717847818        901        871     115097      68678
1717847828       4722       3188    3115105    1438505
1717847838       3255       8514     305804    5812651
1717847848       2287       1559     901794     110095
1717847859       2038       1999     205569     146324
1717847869       1849       2435     198554     791617
1717847879      17656       5666   16078224    3241873
1717847890       1027        986     131142      69605
1717847900        930        890     123821      64401
1717847910       1450       1666     175216     377813
1717847920       2606       3815     265348    1507857
1717847931        950        910     122199      64498
1717847941       1053       1012     134960      70875
1717847951       1692       1882     220953     394592
1717847961       3544       2772    1067627     199615
1717847972       1154       1117     139857      80081
1717847982       1995       1051    1095623      72822
1717847992       1025        987     127408      70379
1717848003       2198       2201     232386     197215
1717848013       1724       1679     197004     121614
1717848023        969        927     128218      65768
1717848033        953        916     122823      66092
1717848044       1102       1063     132742      75210
1717848054       1497       1459     167939     104379
1717848064       1194        889     407212      62596
1717848075        956        918     120421      65488
1717848085        877        839     115897      60601
1717848095        917        880     117109      62126
1717848105       1194        891     404699      62537
1717848116        871        832     114832      59967
1717848126        917        880     117390      62286
1717848136        879        843     116555      60509
1717848147        974        933     123080      63366
1717848157       1149       3771     129054    2890501
1717848167        865        828     114867      59920
1717848178        931        891     118953      62612
1717848188        901        861     122715      61527
1717848198        917        880     117107      62126
1717848208        861        823     114668      59705
1717848219        923        885     118488      62314
1717848229        901        861     119926      61579
1717848239        863        825     114715      59796
1717848250        965        928     117707      62726
1717848260        881        842     116676      60530
1717848270        949        910     122786      63528
1717848280        861        822     114615      59672
1717848291        949        909     123181      63659
1717848301        895        859     119415      61602
1717848311        883        844     118080      60905
1717848321        925        886     120907      63002
1717848332        915        878     120601      62427
1717848342        906        868     116800      61725
1717848352        922        884     115621      60764
1717848363        923        885     119101      62474
1717848373        900        861     119718      61419
1717848383        863        825     114768      59796
1717848394        911        872     116810      61787
1717848404        885        844     117094      60672
1717848414        939        899     121648      63256
1717848425        859        820     114517      59581
1717848435        917        878     117107      62060
1717848445        902        864     117185      60907
1717848455        970        931     122818      64022
1717848466        985        953     130304      76083
1717848476        899        859     121075      61492
1717848486        935        895     123659      63290
1717848497        904        865     121278      61765
1717848507        946        907     124269      63888
1717848517        893        852     121475      61078
1717848527        938        896     124192      63049
1717848538        917        875     122423      62029
1717848548        981        937     125091      63809
1717848558        927        885     122205      62044
1717848568        897        855     121067      61279
1717848579        935        896     120542      63297
1717848589        891        852     119092      61429
1717848599        935        896     121458      63271
1717848610        900        860     120270      61602
1717848620        935        896     121223      63163
1717848630        897        859     120094      61627
1717848640        903        863     120631      61700
1717848651        967        927     123298      63494
1717848661        927        888     121923      62251
1717848671        919        880     121157      62729
1717848681        925        886     121490      62708
1717848692        915        876     121593      62305
1717848702        911        870     121583      61923
1717848712        923        885     121232      62918
1717848723        889        852     119966      61404
1717848733        945        906     123788      65454
1717848743        923        886     122454      63698
1717848753        967        928     122095      63387
1717848764        937        897     123098      63381
1717848774        881        845     119590      60913
1717848784        929        891     122720      63795
1717848794        903        863     121519      61674
1717848805        885        848     120522      61270
1717848815        929        892     122818      63064
1717848825        900        860     121850      61542
1717848835        941        900     123970      63202
1717848846        906        867     121949      61826
1717848856        976        937     122919      63323
1717848866        914        873     122295      62098
1717848877        893        855     120550      61225
1717848887        934        894     123229      63851
1717848897        919        879     120864      63308
1717848907        917        880     122360      62396
1717848918        909        868     122042      61746
1717848928        931        890     123061      63015
1717848938        911        871     121981      61848
1717848948        901        861     121207      61518
1717848959       1003        961     125461      65048
1717848969       1343       1306     152433      93873
1717848979       1063       1023     130557      72478
1717848990        892        851     119763      61231
1717849000        935        896     121961      62995
1717849010        897        857     119956      61501
1717849020        933        902     119981      70842
1717849031       1129       1098     136455      86848
1717849041       3256       3821    2291301    2881353
1717849051        937        900     119479      61644
1717849062        885        848     115542      59928
1717849072        895        860     117547      61104
1717849082        875        838     116932      60016
1717849093        909        871     119024      61534
1717849103        857        820     115767      59149
1717849113        904        867     119019      61812
1717849124        879        841     117419      59818
1717849134        907        866     119308      61020
1717849144        885        844     118334      59793
1717849155        919        880     118637      61516
1717849165       1012        975     125103      69550
1717849175        850        813     114766      58895
1717849185        901        863     117435      61010
1717849196        861        832     114455      66672
1717849206       1121       1085     134845      78749
1717849216       3062        933    2349076      60479
1717849227        868        831     114616      59050
1717849237        852        819     113140      58402
1717849247        870        834     114735      59268
1717849257        894        858     114769      58850
1717849268        849        815     114071      57969
1717849278        886        848     116362      59508
1717849288        852        815     114426      58214
1717849298        913        878     118542      62512
1717849309     298221      19290  302841734    4908583
1717849319        971        934     120004      66200
1717849329        840        803     112538      57747
1717849339       7655       1172    6999088      64732
1717849350        862        825     116429      59497
1717849360        898        863     113992      58737
1717849370        876        841     114603      59728
1717849380        999       1003     126704     108689
1717849391        867        830     114621      58633
1717849401       2086       1840     435322     151856
1717849411        765        730     101744      50492
1717849421        695        664      91873      47041
1717849432        742        710      94833      49268
1717849442        687        659      91310      46724
1717849452        700        668      92600      47331
1717849462        766        737      91654      49039
1717849473        688        662      90367      47307
1717849483        718        689      91980      48413
1717849493        686        657      90988      47009
1717849503        696        671      90849      47544
1717849514        713        684      92272      48250
1717849524        700        671      91767      47486
1717849534        738        706      94328      49246
1717849544        706        675      92836      47585
1717849555        718        689      92227      48408
1717849565        722        693      91343      47176
1717849575        692        662      91969      47249
1717849586     215839      10431  219539126     179066
1717849596      83942       6032   84528489    1369893
1717849606        716        687      89486      48340
1717849617       2123        716    1560276      47959
1717849627       5934        956    5376278      53275
1717849637        674        647      86500      46376
1717849647        735        703      96104      48884
1717849658        831        801     101984      55589
1717849668        714        684      92810      47316
1717849678       1085       1066     118784      85238
1717849688       1275       1024     359301      75852
1717849698        554        532      71636      36833
1717849709        550        527      72024      36670
1717849719        569        545      72079      37329
1717849729        547        524      69836      36629
1717849739        541        517      69717      36189
1717849750        551        530      69262      37093
1717849760        584        563      68795      37195
1717849770        589        567      70245      38371
1717849780        559        537      68802      37394
1717849790        551        530      69054      37093
1717849801        557        536      69479      37206
1717849811        523        500      68420      35723
1717849821        553        533      69209      36837
1717849831        521        503      66289      35603
1717849841        543        524      67560      36411
1717849852        519        499      66958      35338
1717849862        583        564      69212      36979
1717849872        542        523      67390      36042
1717849883        546        526      67276      36165
1717849893        775        756      87192      54463
1717849903       2598        613    2166887      36818
1717849914        518        499      65464      35006
1717849924        568        550      68211      37284
1717849934        510        491      65990      34642
1717849944        500        483      64742      34224
1717849954        530        512      66928      35585
1717849965        552        533      65835      35137
1717849975        530        513      66582      35506
1717849985        519        501      66295      34829
1717849995        504        483      66247      34221
1717850005        546        527      67672      36172
1717850016        504        486      66371      34450
1717850026        534        514      66629      35044
1717850036        520        500      66762      34489
1717850046        539        521      65837      35459
1717850056        493        475      63390      33582
1717850067        539        521      63584      34111
1717850077        759        741      83356      52722
1717850087       2954        571    2586830      33926
1717850097        499        480      58561      33072
1717850108        485        466      62066      32853
1717850118        473        453      61704      32140
1717850128        511        491      64219      33895
1717850138        485        467      61322      32834
1717850148        491        474      61241      33061
1717850159     298291      13704  303881853     207907
1717850169       1200       5553     100681    4688665
1717850179        477        456      61663      32234
1717850189       7047        777    6736031      37481
1717850199        507        489      59885      34107
1717850210        499        479      64669      33643
1717850220        509        489      62930      33778
1717850230        590        573      71728      41553
1717850240        539        522      65087      36173
1717850250       1574       1345     370109     110481
1717850261        327        316      40428      21729
1717850271        385        374      42322      22999
1717850281        341        332      41103      22446
1717850291        341        331      41677      22465
1717850301        362        353      43198      24236
1717850312        350        338      42875      23948
1717850322        348        336      41828      22437
1717850332        344        334      40664      22745
1717850342        324        314      39776      21627
1717850352        332        322      39886      22151
1717850363        361        351      41130      23050
1717850373        369        360      40124      22461
1717850383        371        362      42052      23941
1717850393        334        324      40863      22268
1717850403        348        337      41854      22738
1717850413        331        320      40292      21891
1717850424        332        322      40816      22043
1717850434        356        348      42180      23041
1717850444        334        322      41671      21960
1717850454        360        349      43136      23016
1717850464     248561      11398  253242407     179650
1717850475      50545       4368   50717870    1422019
1717850485       6903        623    6733812      26272
1717850495        315        307      36186      21319
1717850505        336        329      37430      22860
1717850515        328        318      37082      21473
1717850526        330        321      40416      21929
1717850536        449        480      50148      70302
1717850546        354        344      41243      23211
1717850556       1383       1162     345720      96640
1717850566        184        179      21446       9968
1717850576        178        177      15677      10128
1717850587        142        141      15238       9037
1717850597        172        170      16023      10343
1717850607        140        140      14353       9195
1717850617        149        151      13990       9523
1717850627        158        158      15166      10014
1717850637        178        177      16384      10893
1717850647        152        154      13781       9915
1717850658        142        143      13458       9267
1717850668        166        166      14365       9423
1717850678        207        208      16552      11526
1717850688        150        149      15240       9561
1717850698        170        169      15528      10367
1717850708        142        145      14820       9385
1717850719        168        169      15407      10450
1717850729        140        138      14655       9155
1717850739        152        155      14549       9788
1717850749        158        158      15522      10148
1717850759        144        144      15001       9325
1717850770        200        201      17213      10706
1717850780        154        153      15696       9251
1717850790        151        152      15419       9473
1717850800        166        166      16032      10378
1717850810        156        156      15693       9815
1717850820        176        176      17279      10725
1717850831        134        133      15370       8621
1717850841        166        169      16805      10608
1717850851        146        147      15942       9341
1717850861        134        134      14991       8839
1717850871        221        221      18214      11425
1717850882        164        164      15683       9791
1717850892        176        174      17089      10499
1717850902        146        146      16424       9360
1717850912        150        151      14537       9332
1717850922        170        167      16172      10245
1717850932        152        151      14581       9440
1717850942        162        161      14936      10163
1717850953        144        143      14271       9184
1717850963        146        144      17110      11348
1717850973        222        221      14684       9587
1717850983        144        144      13277       9045
1717850993        176        176      15765      10781
1717851003        136        135      14311       8980
1717851014        174        173      16418      10549
1717851024        140        141      14577       9388
1717851034        136        139      14515       9060
1717851044        164        164      16687      10395
1717851054        148        148      15915       9399
1717851064        159        159      16913       9856
1717851075        186        185      16372       9843
1717851085        182        181      17364      10525
1717851095        143        144      15597       9269
1717851105        180        180      16631      10881
1717851115        122        122      13620       8484
1717851125        143        145      14723       9250
1717851136        191        193      17903      11698
1717851146        165        165      18341      11306
1717851156        172        170      16815      11325
1717851166        148        147      15557       9258
1717851176        207        206      17665      10643
1717851186        158        157      16464       9385
1717851197        138        136      15522       8822
1717851207        179        178      16779      10625
1717851217        138        137      15402       8855
1717851227        176        174      17529      10439
1717851237        140        138      15379       8913
1717851247        160        161      14797       9978
1717851258        131        132      13113       8831
1717851268        164        163      14875      10120
1717851278        177        178      14528       9344
1717851288        145        144      14559       9039
1717851298        155        155      14135       9938
1717851308        142        141      13546       9093
1717851319        156        155      15043       9938
1717851329        151        150      14859       9455
1717851339        162        160      16092      10070
1717851349        140        139      14229       9002
1717851359        136        136      13875       9727
1717851369        168        166      15569      10343
1717851380        314        313      26998      20595
1717851390        169        169      15430      10353
1717851400        128        129      13345       9006
1717851410        156        157      15165      10112
1717851420        140        142      14599       9257
1717851430        132        131      14655       8798
1717851441        172        175      15902      10769
1717851451        141        142      14890       9204
1717851461        186        184      17528      11898
1717851471        142        140      15784       9078
1717851482        234        233      18852      11949
1717851492        130        130      13450       8896
1717851502        142        144      14142       9300
1717851512        154        155      15336       9913
1717851522        144        142      14787       9043
1717851533        158        158      15358      10040
1717851543        132        135      13427       8926
1717851553        137        137      14352       9119
1717851563        170        169      15906      10307
1717851573        138        139      14980       9029
1717851583        216        215      16345      10810
1717851594        128        128      14591       8697
1717851604        170        173      16748      10433
1717851614        132        130      15467       8657
1717851624        166        166      16524      10266
1717851634        128        131      14557       8904
1717851644        143        143      15233       9184
1717851654        160        159      16674       9955
1717851665        168        167      17101      10108
1717851675        150        150      15899       9419
1717851685        187        186      14370       9566
1717851695        176        177      16365      10914
1717851705        138        138      14430       8836
1717851716        128        126      14741       8523
1717851726        163        164      15997      10227
1717851736        164        164      16175      10067
1717851746        148        149      15288       9771
1717851756        150        150      15440       9430
1717851766        164        164      15841      10287
1717851776        138        139      13619       8968
1717851787        172        174      14694       9406
1717851797        164        164      15913      10175
1717851807        134        133      15006       8829
1717851817        172        173      16167      10524
1717851827        128        128      14741       8697
1717851838        145        146      14792       9382
1717851848        158        158      15862       9880
1717851858        146        145      15586       9215
1717851868        160        160      16139      10153
1717851878        149        152      14403       9391
1717851888        198        199      16258      10413
1717851898        155        154      16283      10077
1717851909        164        167      16095      10434
1717851919        140        140      14951       9035
1717851929        130        129      15242       8707
1717851939        169        170      17030      10184
1717851949        145        143      16550       9093
1717851960        174        171      17188      10315
1717851970        138        135      16136       8837
1717851980        195        193      17456      10621
1717851990        173        170      16626       9540
1717852000        128        128      13077       8645
1717852010        154        154      15150       9988
1717852021        158        157      15240       9821
1717852031        148        145      15173       9244
1717852041        142        141      15447       9216
1717852051        174        171      16136      10335
1717852061        133        131      14858       8607
1717852071        140        139      13535       9002
1717852081        186        184      15381      10025
1717852092        156        155      13442       9217
1717852102        162        160      15084      10022
1717852112        140        138      14241       8909
1717852122        164        162      15063      10113
1717852132        136        135      13049       8868
1717852142        129        129      12446       8775
1717852153        169        169      14683      10472
1717852163        126        126      13372       8714
1717852173        169        168      15424      10342
1717852183        160        159      14742       9031
1717852193        186        186      15501      10741
1717852203        122        122      13904       8532
1717852214        140        140      14965       9191
1717852224        164        163      16507      10128
1717852234        138        140      14520       9010
1717852245        163        162      16455      10187
1717852255        144        142      15569       9043
1717852265        162        162      16242      10136
1717852275        144        144      15449       9109
1717852285        158        158      14108       9026
1717852296        174        176      15412      10316
1717852306        131        133      14587       8864
1717852316        179        177      16831      10540
1717852326        121        122      13894       8316
1717852336        174        176      16617      10671
1717852346        132        130      15299       8705
1717852357        146        146      15140       9248
1717852367        168        168      16979      10435
1717852377        138        137      14682       8885
1717852387        184        186      15869      10275
1717852397        150        151      14866       9317
1717852407        176        175      16743      10488
1717852418        136        135      15361       8764
1717852428        140        140      13987       9035
1717852438        159        159      15625      10012
1717852448        151        151      15249       9380
1717852458        161        160      15516      10030
1717852468        138        138      13646       8944
1717852479        172        173      16135      10732
1717852489        156        158      14274       8600
1717852499        150        146      15115       9055
1717852509        162        165      15692      10183
1717852519        130        133      14013       9126
1717852529        164        164      15749      10235
1717852540        122        124      14400       8576
1717852550        174        172      16970      10482
1717852560        130        131      14598       8821
1717852570        585        585      47260      41070
1717852580        295        296      25941      20178
1717852590        197        198      16692      10568
1717852601        174        173      16938      10341
1717852611        354        353      26420      20057
1717852621        498        498      34836      27608
1717852631        152        150      16405       9507
1717852641        173        174      17851      10549
1717852651        135        137      13555       8934
1717852662        136        135      14293       9028
1717852672        168        169      16049      10390
1717852682        139        139      15237       9128
1717852692        206        204      17131      10427
1717852702        150        150      15026       9186
1717852712        172        171      17005      10450
1717852723        146        144      14962       9160
1717852733        134        131      14966       8581
1717852743        174        171      17156      10315
1717852753        136        134      15061       8839
1717852763        160        159      15549       9912
1717852773        122        122      13602       8532
1717852784        176        175      16311      10714
1717852794        170        170      14062       9106
1717852804        144        143      14589       9232
1717852814        160        159      16057      10098
1717852824        145        144      15190       9000
1717852834        158        158      16540       9798
1717852844        140        138      13925       8861
1717852855        160        159      15721      10012
1717852865        144        144      15099       9157
1717852875        166        166      15840      10296
1717852885        141        140      13684       8860
1717852896        178        179      13722       9421
1717852906        178        179      15596      10797
1717852916        126        125      13676       8465
1717852926        174        174      16376      10934
1717852936        126        130      12807       8929
1717852946        164        164      14813      10235
1717852957        122        124      13540       8598
1717852967        146        147      14692       9367
1717852977        154        153      15876       9847
1717852987        141        143      14258       9067
1717852997        202        201      16130      10291
1717853008        159        158      15841       9663
1717853018        532        531      35941      29486
1717853028        420        420      29471      23777
1717853038        552        553      35715      30456
1717853048        154        156      15128      10162
1717853058        196        196      17867      12483
1717853069        116        116      14063       8565
1717853079        211        213      21462      15829
1717853089        151        152      15444       9660
1717853099        187        186      15816       9658
1717853109        162        164      16908      10176
1717853119        144        144      15225       9243
1717853130        130        129      15302       8729
1717853140        172        173      17419      10464
1717853150        144        143      15759       9310
1717853160        496        496      34813      27305
1717853170        223        224      19061      13641
1717853180        174        174      16424      10656
1717853191        136        136      14830       8762
1717853201        220        218      17686      10974
1717853211        145        143      16264       9119
1717853221        140        141      13457       9116
1717853231        164        163      15303      10236
1717853242        143        146      14428       9328
1717853252        164        164      16129      10227
1717853262        148        147      14655       9440
1717853272        440        442      30227      24913
1717853282        137        139      13940       8977
1717853292        155        153      14658       8987
1717853302        199        198      16937      10785
1717853313        130        131      14236       8821
1717853323        164        164      15145      10235
1717853333        128        128      14187       8831
1717853343        172        171      16367      10506
1717853353        126        126      13948       8714
1717853363        124        124      14227       8575
1717853374        162        162      16336      10166
1717853384        430        428      31380      24188
1717853394        520        518      35297      27467
1717853404        158        157      15385       9044
1717853414        169        169      16352      10415
1717853424        154        154      16406      10036
1717853435        230        231      20106      13255
1717853445        120        119      14285       8170
1717853455        142        140      15528       8952
1717853465        160        161      16118       9969
1717853475        154        152      15624       9216
1717853485        166        162      17024       9922
1717853496        174        173      15709       9244
1717853506        186        185      17373      10618
1717853516        142        141      14580       9431
1717853526        134        134      14552       8862
