TIMESTAMP        home1-RQ         home1-RD         home1-WR         
1717837437 0 0 0
1717837447 0 0 0
1717837457 0 0 0
1717837468 0 0 0
1717837478 0 0 0
1717837488 0 0 0
1717837498 0 0 0
1717837508 0 0 0
1717837519 0 0 0
1717837529 0 0 0
1717837539 0 0 0
1717837550 0 0 0
1717837560 0 0 0
1717837570 0 0 0
1717837583 0 0 0
1717837593 0 0 0
1717837604 0 0 0
1717837614 0 0 0
1717837625 0 0 0
1717837635 0 0 0
1717837645 0 0 0
1717837656 0 0 0
1717837666 0 0 0
1717837677 0 0 0
1717837687 0 0 0
1717837697 0 0 0
1717837707 0 0 0
1717837718 0 0 0
1717837728 0 0 0
1717837739 0 0 0
1717837749 0 0 0
1717837759 0 0 0
1717837770 0 0 0
1717837780 0 0 0
1717837790 0 0 0
1717837801 0 0 0
1717837811 0 0 0
1717837821 0 0 0
1717837832 0 0 0
1717837842 0 0 0
1717837852 0 0 0
1717837863 0 0 0
1717837873 0 0 0
1717837883 0 0 0
1717837894 0 0 0
1717837904 0 0 0
1717837914 0 0 0
1717837924 0 0 0
1717837935 0 0 0
1717837945 0 0 0
1717837955 0 0 0
1717837966 0 0 0
1717837976 0 0 0
1717837986 0 0 0
1717837996 0 0 0
1717838007 0 0 0
1717838017 0 0 0
1717838027 0 0 0
1717838038 0 0 0
1717838048 0 0 0
1717838058 0 0 0
1717838069 0 0 0
1717838079 0 0 0
1717838089 0 0 0
1717838099 0 0 0
1717838110 0 0 0
1717838120 0 0 0
1717838130 0 0 0
1717838140 0 0 0
1717838151 0 0 0
1717838161 0 0 0
1717838171 0 0 0
1717838182 0 0 0
1717838192 0 0 0
1717838202 0 0 0
1717838212 0 0 0
1717838223 0 0 0
1717838233 0 0 0
1717838243 0 0 0
1717838254 0 0 0
1717838264 0 0 0
1717838274 0 0 0
1717838284 0 0 0
1717838295 0 0 0
1717838305 0 0 0
1717838315 0 0 0
1717838325 0 0 0
1717838336 0 0 0
1717838346 0 0 0
1717838356 0 0 0
1717838367 0 0 0
1717838377 0 0 0
1717838387 0 0 0
1717838397 0 0 0
1717838408 0 0 0
1717838418 0 0 0
1717838428 0 0 0
1717838444 0 0 0
1717838454 0 0 0
1717838465 0 0 0
1717838475 0 0 0
1717838485 0 0 0
1717838495 0 0 0
1717838506 0 0 0
1717838516 0 0 0
1717838526 0 0 0
1717838536 0 0 0
1717838547 0 0 0
1717838557 0 0 0
1717838567 0 0 0
1717838578 0 0 0
1717838592 0 0 0
1717838603 0 0 0
1717838613 0 0 0
1717838623 0 0 0
1717838638 0 0 0
1717838652 0 0 0
1717838662 0 0 0
1717838672 0 0 0
1717838683 0 0 0
1717838693 0 0 0
1717838703 0 0 0
1717838714 0 0 0
1717838724 0 0 0
1717838734 0 0 0
1717838745 0 0 0
1717838756 0 0 0
1717838767 0 0 0
1717838777 0 0 0
1717838787 0 0 0
1717838797 0 0 0
1717838808 0 0 0
1717838818 0 0 0
1717838828 0 0 0
1717838839 0 0 0
1717838849 0 0 0
1717838859 0 0 0
1717838869 0 0 0
1717838880 0 0 0
1717838890 0 0 0
1717838900 0 0 0
1717838911 0 0 0
1717838921 0 0 0
1717838931 0 0 0
1717838942 0 0 0
1717838952 0 0 0
1717838962 0 0 0
1717838972 0 0 0
1717838983 0 0 0
1717838993 0 0 0
1717839003 0 0 0
1717839014 0 0 0
1717839024 0 0 0
1717839034 0 0 0
1717839045 0 0 0
1717839055 0 0 0
1717839065 0 0 0
1717839075 0 0 0
1717839086 0 0 0
1717839096 0 0 0
1717839106 0 0 0
1717839116 0 0 0
1717839127 0 0 0
1717839137 0 0 0
1717839147 0 0 0
1717839158 0 0 0
1717839168 0 0 0
1717839178 0 0 0
1717839189 0 0 0
1717839199 0 0 0
1717839209 0 0 0
1717839219 0 0 0
1717839230 0 0 0
1717839240 0 0 0
1717839250 0 0 0
1717839260 0 0 0
1717839271 0 0 0
1717839281 0 0 0
1717839292 0 0 0
1717839302 0 0 0
1717839312 0 0 0
1717839323 0 0 0
1717839333 0 0 0
1717839343 0 0 0
1717839353 0 0 0
1717839364 0 0 0
1717839374 0 0 0
1717839384 0 0 0
1717839395 0 0 0
1717839405 0 0 0
1717839415 0 0 0
1717839425 0 0 0
1717839436 0 0 0
1717839446 0 0 0
1717839456 0 0 0
1717839466 0 0 0
1717839477 0 0 0
1717839487 0 0 0
1717839497 0 0 0
1717839508 0 0 0
1717839518 0 0 0
1717839528 0 0 0
1717839539 0 0 0
1717839549 0 0 0
1717839559 0 0 0
1717839569 0 0 0
1717839580 0 0 0
1717839590 0 0 0
1717839600 0 0 0
1717839611 0 0 0
1717839621 0 0 0
1717839631 0 0 0
1717839642 0 0 0
1717839652 0 0 0
1717839662 0 0 0
1717839672 0 0 0
1717839683 0 0 0
1717839693 0 0 0
1717839703 0 0 0
1717839714 0 0 0
1717839724 0 0 0
1717839734 0 0 0
1717839744 0 0 0
1717839755 0 0 0
1717839765 0 0 0
1717839775 0 0 0
1717839786 0 0 0
1717839796 0 0 0
1717839806 0 0 0
1717839816 0 0 0
1717839827 0 0 0
1717839837 0 0 0
1717839847 0 0 0
1717839857 0 0 0
1717839868 0 0 0
1717839878 0 0 0
1717839888 0 0 0
1717839899 0 0 0
1717839909 0 0 0
1717839919 0 0 0
1717839929 0 0 0
1717839940 0 0 0
1717839950 0 0 0
1717839960 0 0 0
1717839971 0 0 0
1717839981 0 0 0
1717839991 0 0 0
1717840002 0 0 0
1717840012 0 0 0
1717840022 0 0 0
1717840032 0 0 0
1717840043 0 0 0
1717840053 0 0 0
1717840063 0 0 0
1717840074 0 0 0
1717840084 0 0 0
1717840094 0 0 0
1717840104 0 0 0
1717840115 0 0 0
1717840125 0 0 0
1717840135 0 0 0
1717840146 0 0 0
1717840156 0 0 0
1717840166 0 0 0
1717840176 0 0 0
1717840187 0 0 0
1717840197 0 0 0
1717840207 0 0 0
1717840218 0 0 0
1717840228 0 0 0
1717840239 0 0 0
1717840250 0 0 0
1717840260 0 0 0
1717840270 0 0 0
1717840281 0 0 0
1717840291 0 0 0
1717840301 0 0 0
1717840312 0 0 0
1717840322 0 0 0
1717840332 0 0 0
1717840342 0 0 0
1717840353 0 0 0
1717840363 0 0 0
1717840373 0 0 0
1717840384 0 0 0
1717840394 0 0 0
1717840404 0 0 0
1717840414 0 0 0
1717840425 0 0 0
1717840435 0 0 0
1717840445 0 0 0
1717840456 0 0 0
1717840466 0 0 0
1717840476 0 0 0
1717840486 0 0 0
1717840497 0 0 0
1717840507 0 0 0
1717840517 0 0 0
1717840528 0 0 0
1717840538 0 0 0
1717840548 0 0 0
1717840558 0 0 0
1717840569 0 0 0
1717840579 0 0 0
1717840589 0 0 0
1717840600 0 0 0
1717840610 0 0 0
1717840620 0 0 0
1717840630 0 0 0
1717840641 0 0 0
1717840651 0 0 0
1717840661 0 0 0
1717840671 0 0 0
1717840682 0 0 0
1717840692 0 0 0
1717840702 0 0 0
1717840713 0 0 0
1717840723 0 0 0
1717840733 0 0 0
1717840743 0 0 0
1717840754 0 0 0
1717840764 0 0 0
1717840774 0 0 0
1717840785 0 0 0
1717840795 0 0 0
1717840805 0 0 0
1717840815 0 0 0
1717840826 0 0 0
1717840836 0 0 0
1717840846 0 0 0
1717840856 0 0 0
1717840867 0 0 0
1717840877 0 0 0
1717840887 0 0 0
1717840898 0 0 0
1717840908 0 0 0
1717840918 0 0 0
1717840929 0 0 0
1717840939 0 0 0
1717840949 0 0 0
1717840959 0 0 0
1717840970 0 0 0
1717840980 0 0 0
1717840990 0 0 0
1717841001 0 0 0
1717841011 0 0 0
1717841021 0 0 0
1717841031 0 0 0
1717841042 0 0 0
1717841052 0 0 0
1717841062 0 0 0
1717841073 0 0 0
1717841083 0 0 0
1717841093 0 0 0
1717841103 0 0 0
1717841114 0 0 0
1717841124 0 0 0
1717841134 0 0 0
1717841145 0 0 0
1717841155 0 0 0
1717841165 0 0 0
1717841175 0 0 0
1717841186 0 0 0
1717841196 0 0 0
1717841206 0 0 0
1717841217 0 0 0
1717841227 0 0 0
1717841237 0 0 0
1717841247 0 0 0
1717841258 0 0 0
1717841268 0 0 0
1717841278 0 0 0
1717841289 0 0 0
1717841299 0 0 0
1717841309 0 0 0
1717841319 0 0 0
1717841330 0 0 0
1717841340 0 0 0
1717841350 0 0 0
1717841361 0 0 0
1717841371 0 0 0
1717841381 0 0 0
1717841391 0 0 0
1717841402 0 0 0
1717841412 0 0 0
1717841422 0 0 0
1717841433 0 0 0
1717841443 0 0 0
1717841453 0 0 0
1717841464 0 0 0
1717841474 0 0 0
1717841484 0 0 0
1717841494 0 0 0
1717841505 0 0 0
1717841515 0 0 0
1717841525 0 0 0
1717841536 0 0 0
1717841546 0 0 0
1717841556 0 0 0
1717841566 0 0 0
1717841577 0 0 0
1717841587 0 0 0
1717841597 0 0 0
1717841608 0 0 0
1717841618 0 0 0
1717841628 0 0 0
1717841638 0 0 0
1717841649 0 0 0
1717841659 0 0 0
1717841669 0 0 0
1717841680 0 0 0
1717841690 0 0 0
1717841700 0 0 0
1717841710 0 0 0
1717841721 0 0 0
1717841731 0 0 0
1717841741 0 0 0
1717841752 0 0 0
1717841762 0 0 0
1717841773 0 0 0
1717841783 0 0 0
1717841794 0 0 0
1717841805 0 0 0
1717841815 0 0 0
1717841825 0 0 0
1717841836 0 0 0
1717841846 0 0 0
1717841856 0 0 0
1717841866 0 0 0
1717841877 0 0 0
1717841887 0 0 0
1717841897 0 0 0
1717841908 0 0 0
1717841918 0 0 0
1717841928 0 0 0
1717841938 0 0 0
1717841949 0 0 0
1717841959 0 0 0
1717841969 0 0 0
1717841980 0 0 0
1717841990 0 0 0
1717842000 0 0 0
1717842010 0 0 0
1717842021 0 0 0
1717842031 0 0 0
1717842041 0 0 0
1717842052 0 0 0
1717842062 0 0 0
1717842072 0 0 0
1717842083 0 0 0
1717842093 0 0 0
1717842103 0 0 0
1717842113 0 0 0
1717842124 0 0 0
1717842134 0 0 0
1717842144 0 0 0
1717842155 0 0 0
1717842165 0 0 0
1717842175 0 0 0
1717842185 0 0 0
1717842196 0 0 0
1717842206 0 0 0
1717842216 0 0 0
1717842227 0 0 0
1717842237 0 0 0
1717842247 0 0 0
1717842258 0 0 0
1717842268 0 0 0
1717842278 0 0 0
1717842289 0 0 0
1717842299 0 0 0
1717842309 0 0 0
1717842319 0 0 0
1717842330 0 0 0
1717842340 0 0 0
1717842350 0 0 0
1717842361 0 0 0
1717842371 0 0 0
1717842381 0 0 0
1717842392 0 0 0
1717842402 0 0 0
1717842412 0 0 0
1717842422 0 0 0
1717842433 0 0 0
1717842443 0 0 0
1717842453 0 0 0
1717842464 0 0 0
1717842474 0 0 0
1717842484 0 0 0
1717842495 0 0 0
1717842505 0 0 0
1717842515 0 0 0
1717842525 0 0 0
1717842536 0 0 0
1717842546 0 0 0
1717842556 0 0 0
1717842567 0 0 0
1717842577 0 0 0
1717842587 0 0 0
1717842597 0 0 0
1717842608 0 0 0
1717842618 0 0 0
1717842628 0 0 0
1717842639 0 0 0
1717842649 0 0 0
1717842659 0 0 0
1717842669 0 0 0
1717842680 0 0 0
1717842690 0 0 0
1717842700 0 0 0
1717842711 0 0 0
1717842721 0 0 0
1717842731 0 0 0
1717842742 0 0 0
1717842752 0 0 0
1717842762 0 0 0
1717842772 0 0 0
1717842783 0 0 0
1717842793 0 0 0
1717842803 0 0 0
1717842814 0 0 0
1717842824 0 0 0
1717842834 0 0 0
1717842845 0 0 0
1717842855 0 0 0
1717842865 0 0 0
1717842876 0 0 0
1717842886 0 0 0
1717842896 0 0 0
1717842906 0 0 0
1717842917 0 0 0
1717842927 0 0 0
1717842937 0 0 0
1717842948 0 0 0
1717842958 0 0 0
1717842968 0 0 0
1717842978 0 0 0
1717842989 0 0 0
1717842999 0 0 0
1717843009 0 0 0
1717843020 0 0 0
1717843030 0 0 0
1717843040 0 0 0
1717843050 0 0 0
1717843061 0 0 0
1717843071 0 0 0
1717843081 0 0 0
1717843092 0 0 0
1717843102 0 0 0
1717843112 0 0 0
1717843123 0 0 0
1717843133 0 0 0
1717843143 0 0 0
1717843153 0 0 0
1717843164 0 0 0
1717843174 0 0 0
1717843184 0 0 0
1717843195 0 0 0
1717843205 0 0 0
1717843215 0 0 0
1717843225 0 0 0
1717843236 0 0 0
1717843246 0 0 0
1717843256 0 0 0
1717843267 0 0 0
1717843277 0 0 0
1717843287 0 0 0
1717843298 0 0 0
1717843308 0 0 0
1717843318 0 0 0
1717843328 0 0 0
1717843339 0 0 0
1717843349 0 0 0
1717843359 0 0 0
1717843370 0 0 0
1717843380 0 0 0
1717843390 0 0 0
1717843401 0 0 0
1717843411 0 0 0
1717843421 0 0 0
1717843431 0 0 0
1717843442 0 0 0
1717843452 0 0 0
1717843462 0 0 0
1717843473 0 0 0
1717843483 0 0 0
1717843493 0 0 0
1717843504 0 0 0
1717843514 0 0 0
1717843524 0 0 0
1717843534 0 0 0
1717843545 0 0 0
1717843555 0 0 0
1717843565 0 0 0
1717843576 0 0 0
1717843586 0 0 0
1717843596 0 0 0
1717843606 0 0 0
1717843617 0 0 0
1717843627 0 0 0
1717843637 0 0 0
1717843648 0 0 0
1717843658 0 0 0
1717843668 0 0 0
1717843679 0 0 0
1717843689 0 0 0
1717843699 0 0 0
1717843710 0 0 0
1717843720 0 0 0
1717843730 0 0 0
1717843740 0 0 0
1717843751 0 0 0
1717843761 0 0 0
1717843772 0 0 0
1717843782 0 0 0
1717843792 0 0 0
1717843803 0 0 0
1717843813 0 0 0
1717843823 0 0 0
1717843834 0 0 0
1717843844 0 0 0
1717843855 0 0 0
1717843865 0 0 0
1717843878 0 0 0
1717843888 0 0 0
1717843899 0 0 0
1717843909 0 0 0
1717843919 0 0 0
1717843930 0 0 0
1717843940 0 0 0
1717843950 0 0 0
1717843960 0 0 0
1717843971 0 0 0
1717843981 0 0 0
1717843991 0 0 0
1717844002 0 0 0
1717844012 0 0 0
1717844022 0 0 0
1717844032 0 0 0
1717844043 0 0 0
1717844053 0 0 0
1717844063 0 0 0
1717844074 0 0 0
1717844084 0 0 0
1717844094 0 0 0
1717844105 0 0 0
1717844115 0 0 0
1717844125 0 0 0
1717844136 0 0 0
1717844146 0 0 0
1717844156 0 0 0
1717844166 0 0 0
1717844177 0 0 0
1717844187 0 0 0
1717844197 0 0 0
1717844208 0 0 0
1717844218 0 0 0
1717844228 0 0 0
1717844239 0 0 0
1717844249 0 0 0
1717844259 0 0 0
1717844270 0 0 0
1717844280 0 0 0
1717844290 0 0 0
1717844301 0 0 0
1717844311 0 0 0
1717844321 0 0 0
1717844331 0 0 0
1717844342 0 0 0
1717844352 0 0 0
1717844362 0 0 0
1717844373 0 0 0
1717844383 0 0 0
1717844393 0 0 0
1717844403 0 0 0
1717844414 0 0 0
1717844424 0 0 0
1717844434 0 0 0
1717844445 0 0 0
1717844455 0 0 0
1717844465 0 0 0
1717844476 0 0 0
1717844486 0 0 0
1717844496 0 0 0
1717844507 0 0 0
1717844517 0 0 0
1717844527 0 0 0
1717844537 0 0 0
1717844548 0 0 0
1717844558 0 0 0
1717844568 0 0 0
1717844579 0 0 0
1717844589 0 0 0
1717844599 0 0 0
1717844609 0 0 0
1717844620 0 0 0
1717844630 0 0 0
1717844641 0 0 0
1717844651 0 0 0
1717844661 0 0 0
1717844672 0 0 0
1717844682 0 0 0
1717844692 0 0 0
1717844702 0 0 0
1717844713 0 0 0
1717844723 0 0 0
1717844733 0 0 0
1717844744 0 0 0
1717844754 0 0 0
1717844764 0 0 0
1717844775 0 0 0
1717844785 0 0 0
1717844795 0 0 0
1717844806 0 0 0
1717844816 0 0 0
1717844827 0 0 0
1717844838 0 0 0
1717844848 0 0 0
1717844858 0 0 0
1717844869 0 0 0
1717844879 0 0 0
1717844890 0 0 0
1717844900 0 0 0
1717844910 0 0 0
1717844921 0 0 0
1717844931 0 0 0
1717844941 0 0 0
1717844952 0 0 0
1717844962 0 0 0
1717844972 0 0 0
1717844983 0 0 0
1717844993 0 0 0
1717845003 0 0 0
1717845013 0 0 0
1717845024 0 0 0
1717845034 0 0 0
1717845044 0 0 0
1717845055 0 0 0
1717845065 0 0 0
1717845075 0 0 0
1717845085 0 0 0
1717845096 0 0 0
1717845106 0 0 0
1717845116 0 0 0
1717845127 0 0 0
1717845137 0 0 0
1717845147 0 0 0
1717845158 0 0 0
1717845168 0 0 0
1717845178 0 0 0
1717845188 0 0 0
1717845199 0 0 0
1717845209 0 0 0
1717845219 0 0 0
1717845230 0 0 0
1717845240 0 0 0
1717845250 0 0 0
1717845261 0 0 0
1717845271 0 0 0
1717845281 0 0 0
1717845292 0 0 0
1717845302 0 0 0
1717845312 0 0 0
1717845323 0 0 0
1717845333 0 0 0
1717845343 0 0 0
1717845353 0 0 0
1717845364 0 0 0
1717845374 0 0 0
1717845384 0 0 0
1717845395 0 0 0
1717845405 0 0 0
1717845415 0 0 0
1717845425 0 0 0
1717845436 0 0 0
1717845446 0 0 0
1717845456 0 0 0
1717845466 0 0 0
1717845477 0 0 0
1717845487 0 0 0
1717845497 0 0 0
1717845508 0 0 0
1717845518 0 0 0
1717845528 0 0 0
1717845538 0 0 0
1717845549 0 0 0
1717845559 0 0 0
1717845569 0 0 0
1717845580 0 0 0
1717845590 0 0 0
1717845600 0 0 0
1717845611 0 0 0
1717845621 0 0 0
1717845631 0 0 0
1717845641 0 0 0
1717845652 0 0 0
1717845662 0 0 0
1717845672 0 0 0
1717845683 0 0 0
1717845693 0 0 0
1717845703 0 0 0
1717845713 0 0 0
1717845724 0 0 0
1717845734 0 0 0
1717845744 0 0 0
1717845755 0 0 0
1717845765 0 0 0
1717845775 0 0 0
1717845785 0 0 0
1717845796 0 0 0
1717845806 0 0 0
1717845816 0 0 0
1717845827 0 0 0
1717845837 0 0 0
1717845847 0 0 0
1717845858 0 0 0
1717845868 0 0 0
1717845878 0 0 0
1717845888 0 0 0
1717845899 0 0 0
1717845909 0 0 0
1717845919 0 0 0
1717845930 0 0 0
1717845940 0 0 0
1717845950 0 0 0
1717845960 0 0 0
1717845971 0 0 0
1717845981 0 0 0
1717845991 0 0 0
1717846002 0 0 0
1717846012 0 0 0
1717846022 0 0 0
1717846033 0 0 0
1717846043 0 0 0
1717846053 0 0 0
1717846063 0 0 0
1717846074 0 0 0
1717846084 0 0 0
1717846094 0 0 0
1717846105 0 0 0
1717846115 0 0 0
1717846125 0 0 0
1717846136 0 0 0
1717846146 0 0 0
1717846156 0 0 0
1717846167 0 0 0
1717846177 0 0 0
1717846187 0 0 0
1717846197 0 0 0
1717846208 0 0 0
1717846218 0 0 0
1717846228 0 0 0
1717846239 0 0 0
1717846249 0 0 0
1717846259 0 0 0
1717846269 0 0 0
1717846280 0 0 0
1717846290 0 0 0
1717846300 0 0 0
1717846311 0 0 0
1717846321 0 0 0
1717846331 0 0 0
1717846342 0 0 0
1717846352 0 0 0
1717846362 0 0 0
1717846372 0 0 0
1717846383 0 0 0
1717846393 0 0 0
1717846403 0 0 0
1717846413 0 0 0
1717846424 0 0 0
1717846434 0 0 0
1717846444 0 0 0
1717846455 0 0 0
1717846465 0 0 0
1717846475 0 0 0
1717846485 0 0 0
1717846496 0 0 0
1717846506 0 0 0
1717846516 0 0 0
1717846527 0 0 0
1717846537 0 0 0
1717846547 0 0 0
1717846558 0 0 0
1717846568 0 0 0
1717846578 0 0 0
1717846589 0 0 0
1717846599 0 0 0
1717846609 0 0 0
1717846620 0 0 0
1717846630 0 0 0
1717846640 0 0 0
1717846650 0 0 0
1717846661 0 0 0
1717846671 0 0 0
1717846681 0 0 0
1717846692 0 0 0
1717846702 0 0 0
1717846712 0 0 0
1717846723 0 0 0
1717846734 0 0 0
1717846744 0 0 0
1717846754 0 0 0
1717846765 0 0 0
1717846775 0 0 0
1717846785 0 0 0
1717846796 0 0 0
1717846806 0 0 0
1717846816 0 0 0
1717846827 0 0 0
1717846837 0 0 0
1717846847 0 0 0
1717846857 0 0 0
1717846868 0 0 0
1717846878 0 0 0
1717846888 0 0 0
1717846899 0 0 0
1717846909 0 0 0
1717846919 0 0 0
1717846929 0 0 0
1717846940 0 0 0
1717846950 0 0 0
1717846960 0 0 0
1717846971 0 0 0
1717846981 0 0 0
1717846991 0 0 0
1717847001 0 0 0
1717847012 0 0 0
1717847022 0 0 0
1717847032 0 0 0
1717847043 0 0 0
1717847053 0 0 0
1717847063 0 0 0
1717847073 0 0 0
1717847084 0 0 0
1717847094 0 0 0
1717847104 0 0 0
1717847114 0 0 0
1717847125 0 0 0
1717847135 0 0 0
1717847145 0 0 0
1717847156 0 0 0
1717847166 0 0 0
1717847176 0 0 0
1717847187 0 0 0
1717847197 0 0 0
1717847208 0 0 0
1717847218 0 0 0
1717847228 0 0 0
1717847238 0 0 0
1717847249 0 0 0
1717847259 0 0 0
1717847269 0 0 0
1717847280 0 0 0
1717847290 0 0 0
1717847300 0 0 0
1717847310 0 0 0
1717847321 0 0 0
1717847331 0 0 0
1717847341 0 0 0
1717847352 0 0 0
1717847362 0 0 0
1717847372 0 0 0
1717847382 0 0 0
1717847393 0 0 0
1717847403 0 0 0
1717847413 0 0 0
1717847424 0 0 0
1717847434 0 0 0
1717847444 0 0 0
1717847454 0 0 0
1717847465 0 0 0
1717847475 0 0 0
1717847485 0 0 0
1717847496 0 0 0
1717847506 0 0 0
1717847516 0 0 0
1717847526 0 0 0
1717847537 0 0 0
1717847547 0 0 0
1717847557 0 0 0
1717847567 0 0 0
1717847578 0 0 0
1717847588 0 0 0
1717847598 0 0 0
1717847609 0 0 0
1717847619 0 0 0
1717847629 0 0 0
1717847639 0 0 0
1717847650 0 0 0
1717847660 0 0 0
1717847670 0 0 0
1717847681 0 0 0
1717847691 0 0 0
1717847701 0 0 0
1717847711 0 0 0
1717847722 0 0 0
1717847732 0 0 0
1717847742 0 0 0
1717847752 0 0 0
1717847763 0 0 0
1717847773 0 0 0
1717847783 0 0 0
1717847793 0 0 0
1717847804 0 0 0
1717847814 0 0 0
1717847824 0 0 0
1717847835 0 0 0
1717847845 0 0 0
1717847855 0 0 0
1717847865 0 0 0
1717847876 0 0 0
1717847886 0 0 0
1717847896 0 0 0
1717847906 0 0 0
1717847917 0 0 0
1717847927 0 0 0
1717847937 0 0 0
1717847947 0 0 0
1717847958 0 0 0
1717847968 0 0 0
1717847978 0 0 0
1717847988 0 0 0
1717847999 0 0 0
1717848009 0 0 0
1717848019 0 0 0
1717848030 0 0 0
1717848040 0 0 0
1717848050 0 0 0
1717848060 0 0 0
1717848071 0 0 0
1717848081 0 0 0
1717848091 0 0 0
1717848102 0 0 0
1717848112 0 0 0
1717848122 0 0 0
1717848132 0 0 0
1717848143 0 0 0
1717848153 0 0 0
1717848163 0 0 0
1717848174 0 0 0
1717848184 0 0 0
1717848194 0 0 0
1717848204 0 0 0
1717848215 0 0 0
1717848225 0 0 0
1717848235 0 0 0
1717848245 0 0 0
1717848256 0 0 0
1717848266 0 0 0
1717848276 0 0 0
1717848287 0 0 0
1717848297 0 0 0
1717848307 0 0 0
1717848317 0 0 0
1717848328 0 0 0
1717848338 0 0 0
1717848348 0 0 0
1717848358 0 0 0
1717848369 0 0 0
1717848379 0 0 0
1717848389 0 0 0
1717848400 0 0 0
1717848410 0 0 0
1717848420 0 0 0
1717848430 0 0 0
1717848441 0 0 0
1717848451 0 0 0
1717848461 0 0 0
1717848472 0 0 0
1717848482 0 0 0
1717848492 0 0 0
1717848502 0 0 0
1717848513 0 0 0
1717848523 0 0 0
1717848533 0 0 0
1717848543 0 0 0
1717848554 0 0 0
1717848564 0 0 0
1717848574 0 0 0
1717848584 0 0 0
1717848595 0 0 0
1717848605 0 0 0
1717848615 0 0 0
1717848625 0 0 0
1717848636 0 0 0
1717848646 0 0 0
1717848656 0 0 0
1717848667 0 0 0
1717848677 0 0 0
1717848687 0 0 0
1717848697 0 0 0
1717848708 0 0 0
1717848718 0 0 0
1717848728 0 0 0
1717848738 0 0 0
1717848749 0 0 0
1717848759 0 0 0
1717848769 0 0 0
1717848780 0 0 0
1717848790 0 0 0
1717848800 0 0 0
1717848810 0 0 0
1717848821 0 0 0
1717848831 0 0 0
1717848841 0 0 0
1717848852 0 0 0
1717848862 0 0 0
1717848872 0 0 0
1717848882 0 0 0
1717848893 0 0 0
1717848903 0 0 0
1717848913 0 0 0
1717848923 0 0 0
1717848934 0 0 0
1717848944 0 0 0
1717848954 0 0 0
1717848965 0 0 0
1717848975 0 0 0
1717848985 0 0 0
1717848995 0 0 0
1717849006 0 0 0
1717849016 0 0 0
1717849026 0 0 0
1717849037 0 0 0
1717849047 0 0 0
1717849057 0 0 0
1717849068 0 0 0
1717849078 0 0 0
1717849088 0 0 0
1717849099 0 0 0
1717849109 0 0 0
1717849119 0 0 0
1717849129 0 0 0
1717849140 0 0 0
1717849150 0 0 0
1717849160 0 0 0
1717849170 0 0 0
1717849181 0 0 0
1717849191 0 0 0
1717849201 0 0 0
1717849212 0 0 0
1717849222 0 0 0
1717849232 0 0 0
1717849242 0 0 0
1717849253 0 0 0
1717849263 0 0 0
1717849273 0 0 0
1717849283 0 0 0
1717849294 0 0 0
1717849304 0 0 0
1717849314 0 0 0
1717849324 0 0 0
1717849335 0 0 0
1717849345 0 0 0
1717849355 0 0 0
1717849366 0 0 0
1717849376 0 0 0
1717849386 0 0 0
1717849396 0 0 0
1717849407 0 0 0
1717849417 0 0 0
1717849427 0 0 0
1717849437 0 0 0
1717849448 0 0 0
1717849458 0 0 0
1717849468 0 0 0
1717849478 0 0 0
1717849489 0 0 0
1717849499 0 0 0
1717849509 0 0 0
1717849520 0 0 0
1717849530 0 0 0
1717849540 0 0 0
1717849550 0 0 0
1717849561 0 0 0
1717849571 0 0 0
1717849581 0 0 0
1717849591 0 0 0
1717849602 0 0 0
1717849612 0 0 0
1717849622 0 0 0
1717849632 0 0 0
1717849643 0 0 0
1717849653 0 0 0
1717849663 0 0 0
1717849673 0 0 0
1717849684 0 0 0
1717849694 0 0 0
1717849704 0 0 0
1717849714 0 0 0
1717849724 0 0 0
1717849735 0 0 0
1717849745 0 0 0
1717849755 0 0 0
1717849765 0 0 0
1717849776 0 0 0
1717849786 0 0 0
1717849796 0 0 0
1717849806 0 0 0
1717849817 0 0 0
1717849827 0 0 0
1717849837 0 0 0
1717849847 0 0 0
1717849858 0 0 0
1717849868 0 0 0
1717849878 0 0 0
1717849889 0 0 0
1717849899 0 0 0
1717849910 0 0 0
1717849920 0 0 0
1717849930 0 0 0
1717849940 0 0 0
1717849950 0 0 0
1717849961 0 0 0
1717849971 0 0 0
1717849981 0 0 0
1717849991 0 0 0
1717850001 0 0 0
1717850012 0 0 0
1717850022 0 0 0
1717850032 0 0 0
1717850042 0 0 0
1717850052 0 0 0
1717850063 0 0 0
1717850073 0 0 0
1717850083 0 0 0
1717850093 0 0 0
1717850103 0 0 0
1717850113 0 0 0
1717850124 0 0 0
1717850134 0 0 0
1717850144 0 0 0
1717850154 0 0 0
1717850164 0 0 0
1717850175 0 0 0
1717850185 0 0 0
1717850195 0 0 0
1717850205 0 0 0
1717850215 0 0 0
1717850225 0 0 0
1717850236 0 0 0
1717850246 0 0 0
1717850256 0 0 0
1717850266 0 0 0
1717850276 0 0 0
1717850287 0 0 0
1717850297 0 0 0
1717850307 0 0 0
1717850317 0 0 0
1717850327 0 0 0
1717850337 0 0 0
1717850348 0 0 0
1717850358 0 0 0
1717850368 0 0 0
1717850378 0 0 0
1717850388 0 0 0
1717850399 0 0 0
1717850409 0 0 0
1717850419 0 0 0
1717850429 0 0 0
1717850439 0 0 0
1717850449 0 0 0
1717850460 0 0 0
1717850470 0 0 0
1717850480 0 0 0
1717850490 0 0 0
1717850500 0 0 0
1717850511 0 0 0
1717850521 0 0 0
1717850531 0 0 0
1717850541 0 0 0
1717850551 0 0 0
1717850562 0 0 0
1717850572 0 0 0
1717850582 0 0 0
1717850592 0 0 0
1717850602 0 0 0
1717850612 0 0 0
1717850623 0 0 0
1717850633 0 0 0
1717850643 0 0 0
1717850653 0 0 0
1717850663 0 0 0
1717850674 0 0 0
1717850684 0 0 0
1717850694 0 0 0
1717850704 0 0 0
1717850714 0 0 0
1717850724 0 0 0
1717850735 0 0 0
1717850745 0 0 0
1717850755 0 0 0
1717850765 0 0 0
1717850775 0 0 0
1717850785 0 0 0
1717850796 0 0 0
1717850806 0 0 0
1717850816 0 0 0
1717850826 0 0 0
1717850836 0 0 0
1717850846 0 0 0
1717850857 0 0 0
1717850867 0 0 0
1717850877 0 0 0
1717850887 0 0 0
1717850897 0 0 0
1717850907 0 0 0
1717850918 0 0 0
1717850928 0 0 0
1717850938 0 0 0
1717850948 0 0 0
1717850958 0 0 0
1717850968 0 0 0
1717850979 0 0 0
1717850989 0 0 0
1717850999 0 0 0
1717851009 0 0 0
1717851019 0 0 0
1717851029 0 0 0
1717851039 0 0 0
1717851050 0 0 0
1717851060 0 0 0
1717851070 0 0 0
1717851080 0 0 0
1717851090 0 0 0
1717851100 0 0 0
1717851111 0 0 0
1717851121 0 0 0
1717851131 0 0 0
1717851141 0 0 0
1717851151 0 0 0
1717851161 0 0 0
1717851172 0 0 0
1717851182 0 0 0
1717851192 0 0 0
1717851202 0 0 0
1717851212 0 0 0
1717851222 0 0 0
1717851233 0 0 0
1717851243 0 0 0
1717851253 0 0 0
1717851263 0 0 0
1717851273 0 0 0
1717851283 0 0 0
1717851294 0 0 0
1717851304 0 0 0
1717851314 0 0 0
1717851324 0 0 0
1717851334 0 0 0
1717851344 0 0 0
1717851354 0 0 0
1717851365 0 0 0
1717851375 0 0 0
1717851385 0 0 0
1717851395 0 0 0
1717851405 0 0 0
1717851415 0 0 0
1717851426 0 0 0
1717851436 0 0 0
1717851446 0 0 0
1717851456 0 0 0
1717851467 0 0 0
1717851477 0 0 0
1717851487 0 0 0
1717851497 0 0 0
1717851507 0 0 0
1717851517 0 0 0
1717851528 0 0 0
1717851538 0 0 0
1717851548 0 0 0
1717851558 0 0 0
1717851568 0 0 0
1717851578 0 0 0
1717851589 0 0 0
1717851599 0 0 0
1717851609 0 0 0
1717851619 0 0 0
1717851629 0 0 0
1717851639 0 0 0
1717851649 0 0 0
1717851660 0 0 0
1717851670 0 0 0
1717851680 0 0 0
1717851690 0 0 0
1717851700 0 0 0
1717851710 0 0 0
1717851721 0 0 0
1717851731 0 0 0
1717851741 0 0 0
1717851751 0 0 0
1717851761 0 0 0
1717851771 0 0 0
1717851782 0 0 0
1717851792 0 0 0
1717851802 0 0 0
1717851812 0 0 0
1717851822 0 0 0
1717851832 0 0 0
1717851843 0 0 0
1717851853 0 0 0
1717851863 0 0 0
1717851873 0 0 0
1717851883 0 0 0
1717851893 0 0 0
1717851904 0 0 0
1717851914 0 0 0
1717851924 0 0 0
1717851934 0 0 0
1717851944 0 0 0
1717851955 0 0 0
1717851965 0 0 0
1717851975 0 0 0
1717851985 0 0 0
1717851995 0 0 0
1717852005 0 0 0
1717852016 0 0 0
1717852026 0 0 0
1717852036 0 0 0
1717852046 0 0 0
1717852056 0 0 0
1717852066 0 0 0
1717852077 0 0 0
1717852087 0 0 0
1717852097 0 0 0
1717852107 0 0 0
1717852117 0 0 0
1717852128 0 0 0
1717852138 0 0 0
1717852148 0 0 0
1717852158 0 0 0
1717852168 0 0 0
1717852178 0 0 0
1717852188 0 0 0
1717852199 0 0 0
1717852209 0 0 0
1717852219 0 0 0
1717852229 0 0 0
1717852240 0 0 0
1717852250 0 0 0
1717852261 0 0 0
1717852271 0 0 0
1717852281 0 0 0
1717852291 0 0 0
1717852301 0 0 0
1717852311 0 0 0
1717852322 0 0 0
1717852332 0 0 0
1717852342 0 0 0
1717852352 0 0 0
1717852362 0 0 0
1717852372 0 0 0
1717852383 0 0 0
1717852393 0 0 0
1717852403 0 0 0
1717852413 0 0 0
1717852423 0 0 0
1717852434 0 0 0
1717852444 0 0 0
1717852454 0 0 0
1717852464 0 0 0
1717852474 0 0 0
1717852484 0 0 0
1717852495 0 0 0
1717852505 0 0 0
1717852515 0 0 0
1717852525 0 0 0
1717852535 0 0 0
1717852545 0 0 0
1717852556 0 0 0
1717852566 0 0 0
1717852576 0 0 0
1717852586 0 0 0
1717852596 0 0 0
1717852606 0 0 0
1717852617 0 0 0
1717852627 0 0 0
1717852637 0 0 0
1717852647 0 0 0
1717852657 0 0 0
1717852667 0 0 0
1717852677 0 0 0
1717852688 0 0 0
1717852698 0 0 0
1717852708 0 0 0
1717852718 0 0 0
1717852728 0 0 0
1717852738 0 0 0
1717852749 0 0 0
1717852759 0 0 0
1717852769 0 0 0
1717852779 0 0 0
1717852789 0 0 0
1717852800 0 0 0
1717852810 0 0 0
1717852820 0 0 0
1717852830 0 0 0
1717852840 0 0 0
1717852850 0 0 0
1717852860 0 0 0
1717852871 0 0 0
1717852881 0 0 0
1717852891 0 0 0
1717852901 0 0 0
1717852911 0 0 0
1717852921 0 0 0
1717852932 0 0 0
1717852942 0 0 0
1717852952 0 0 0
1717852962 0 0 0
1717852973 0 0 0
1717852983 0 0 0
1717852993 0 0 0
1717853003 0 0 0
1717853013 0 0 0
1717853024 0 0 0
1717853034 0 0 0
1717853044 0 0 0
1717853054 0 0 0
1717853064 0 0 0
1717853074 0 0 0
1717853085 0 0 0
1717853095 0 0 0
1717853105 0 0 0
1717853115 0 0 0
1717853125 0 0 0
1717853135 0 0 0
1717853146 0 0 0
1717853156 0 0 0
1717853166 0 0 0
1717853176 0 0 0
1717853186 0 0 0
1717853196 0 0 0
1717853207 0 0 0
1717853217 0 0 0
1717853227 0 0 0
1717853237 0 0 0
1717853247 0 0 0
1717853257 0 0 0
1717853268 0 0 0
1717853278 0 0 0
1717853288 0 0 0
1717853298 0 0 0
1717853308 0 0 0
1717853318 0 0 0
1717853329 0 0 0
1717853339 0 0 0
1717853349 0 0 0
1717853359 0 0 0
1717853369 0 0 0
1717853379 0 0 0
1717853389 0 0 0
1717853400 0 0 0
1717853410 0 0 0
1717853420 0 0 0
1717853430 0 0 0
1717853440 0 0 0
1717853450 0 0 0
1717853461 0 0 0
1717853471 0 0 0
1717853481 0 0 0
1717853491 0 0 0
1717853501 0 0 0
1717853511 0 0 0
1717853522 0 0 0
1717853532 0 0 0
1717853542 0 0 0
